      1.00000000e+00      0.00000000e+00      0.00000000e+00      0.00000000e+00      0.00000000e+00      0.00000000e+00      0.00000000e+00      0.00000000e+00      0.00000000e+00      0.00000000e+00      0.00000000e+00      0.00000000e+00      0.00000000e+00      0.00000000e+00      0.00000000e+00      0.00000000e+00      0.00000000e+00
      0.00000000e+00      1.00000000e+00      0.00000000e+00      0.00000000e+00      0.00000000e+00      0.00000000e+00      0.00000000e+00      0.00000000e+00      0.00000000e+00      0.00000000e+00      0.00000000e+00      0.00000000e+00      0.00000000e+00      0.00000000e+00      0.00000000e+00      0.00000000e+00      0.00000000e+00
      8.33333236e-02     -6.24999936e-09     -2.85333324e-01      6.24999936e-09      7.81264001e-13      0.00000000e+00      0.00000000e+00      0.00000000e+00      1.01000002e-01      8.00470801e-09      1.00999998e-01     -8.00470801e-09      0.00000000e+00      0.00000000e+00      0.00000000e+00      0.00000000e+00     -8.33333234e-08
     -6.25499652e-09      3.33333311e-01      6.25499620e-09     -4.59583321e-01      0.00000000e+00      1.26250009e-01      0.00000000e+00      0.00000000e+00      4.03999224e-09      4.00466779e-13     -4.03999192e-09      4.00466763e-13      0.00000000e+00      0.00000000e+00      0.00000000e+00      0.00000000e+00      3.33333311e+00
      0.00000000e+00      0.00000000e+00      7.81264001e-13      0.00000000e+00     -2.02000000e-01     -5.61109239e-09      1.85240742e-12      5.61109239e-09      0.00000000e+00      0.00000000e+00      0.00000000e+00      0.00000000e+00      1.01000002e-01     -3.99680289e-09      1.00999998e-01      3.99680289e-09     -1.48029731e-22
      0.00000000e+00      0.00000000e+00      0.00000000e+00      1.26250009e-01     -1.11133323e-08     -2.94583337e-01      1.11133325e-08      1.68333328e-01      0.00000000e+00      0.00000000e+00      0.00000000e+00      0.00000000e+00     -2.01999612e-09      4.00115504e-13      2.01999595e-09      4.00115488e-13     -2.22044614e-15
      0.00000000e+00      0.00000000e+00      0.00000000e+00      0.00000000e+00      0.00000000e+00      0.00000000e+00      1.00000000e+00      0.00000000e+00      0.00000000e+00      0.00000000e+00      0.00000000e+00      0.00000000e+00      0.00000000e+00      0.00000000e+00      0.00000000e+00      0.00000000e+00      0.00000000e+00
      0.00000000e+00      0.00000000e+00      0.00000000e+00      0.00000000e+00      0.00000000e+00      0.00000000e+00      0.00000000e+00      1.00000000e+00      0.00000000e+00      0.00000000e+00      0.00000000e+00      0.00000000e+00      0.00000000e+00      0.00000000e+00      0.00000000e+00      0.00000000e+00      0.00000000e+00
      0.00000000e+00      0.00000000e+00      0.00000000e+00      0.00000000e+00      0.00000000e+00      0.00000000e+00      0.00000000e+00      0.00000000e+00      1.00000000e+00      0.00000000e+00      0.00000000e+00      0.00000000e+00      0.00000000e+00      0.00000000e+00      0.00000000e+00      0.00000000e+00      0.00000000e+00
      0.00000000e+00      0.00000000e+00      0.00000000e+00      0.00000000e+00      0.00000000e+00      0.00000000e+00      0.00000000e+00      0.00000000e+00      0.00000000e+00      1.00000000e+00      0.00000000e+00      0.00000000e+00      0.00000000e+00      0.00000000e+00      0.00000000e+00      0.00000000e+00      0.00000000e+00
      0.00000000e+00      0.00000000e+00      0.00000000e+00      0.00000000e+00      0.00000000e+00      0.00000000e+00      0.00000000e+00      0.00000000e+00      0.00000000e+00      0.00000000e+00      1.00000000e+00      0.00000000e+00      0.00000000e+00      0.00000000e+00      0.00000000e+00      0.00000000e+00      0.00000000e+00
      0.00000000e+00      0.00000000e+00      0.00000000e+00      0.00000000e+00      0.00000000e+00      0.00000000e+00      0.00000000e+00      0.00000000e+00      0.00000000e+00      0.00000000e+00      0.00000000e+00      1.00000000e+00      0.00000000e+00      0.00000000e+00      0.00000000e+00      0.00000000e+00      0.00000000e+00
      0.00000000e+00      0.00000000e+00      0.00000000e+00      0.00000000e+00      0.00000000e+00      0.00000000e+00      0.00000000e+00      0.00000000e+00      0.00000000e+00      0.00000000e+00      0.00000000e+00      0.00000000e+00      1.00000000e+00      0.00000000e+00      0.00000000e+00      0.00000000e+00      0.00000000e+00
      0.00000000e+00      0.00000000e+00      0.00000000e+00      0.00000000e+00      0.00000000e+00      0.00000000e+00      0.00000000e+00      0.00000000e+00      0.00000000e+00      0.00000000e+00      0.00000000e+00      0.00000000e+00      0.00000000e+00      1.00000000e+00      0.00000000e+00      0.00000000e+00      0.00000000e+00
      0.00000000e+00      0.00000000e+00      0.00000000e+00      0.00000000e+00      0.00000000e+00      0.00000000e+00      0.00000000e+00      0.00000000e+00      0.00000000e+00      0.00000000e+00      0.00000000e+00      0.00000000e+00      0.00000000e+00      0.00000000e+00      1.00000000e+00      0.00000000e+00      0.00000000e+00
      0.00000000e+00      0.00000000e+00      0.00000000e+00      0.00000000e+00      0.00000000e+00      0.00000000e+00      0.00000000e+00      0.00000000e+00      0.00000000e+00      0.00000000e+00      0.00000000e+00      0.00000000e+00      0.00000000e+00      0.00000000e+00      0.00000000e+00      1.00000000e+00      0.00000000e+00
