*Coordenadas 
10
     0 1  +4.71594923e-01  +0.00000000e+00
     1 1  +4.46730364e-01  +1.00000000e+00
     2 1  +5.89996726e-01  +0.00000000e+00
     3 2  +9.80820129e-01  +1.60789498e-02
     4 1  +1.00000000e+00  +1.26938501e-02
     5 1  +9.87851590e-01  +0.00000000e+00
     6 2  +8.98452393e-01  +6.51762829e-01
     7 1  +1.00000000e+00  +8.93738196e-01
     8 1  +6.21343775e-01  +1.00000000e+00
     9 1  +1.00000000e+00  +5.36791494e-01
*Segmentos 
8
     0     0     1   1.03749362e+00   1.00030908e+00   1.03717306e+00
     1     2     3   3.96900077e-01   3.91154017e-01   1.01469002e+00
     2     3     4   1.94854576e-02   1.94763023e-02   1.00047008e+00
     3     5     3   1.75491900e-02   1.75491900e-02   1.00000000e+00
     4     3     6   6.76503505e-01   6.40998002e-01   1.05539097e+00
     5     6     7   2.63140811e-01   2.62419501e-01   1.00274869e+00
     6     8     6   4.58062008e-01   4.45037429e-01   1.02926626e+00
     7     6     9   1.54373866e-01   1.53395972e-01   1.00637496e+00
