*Parametros (L, dl, dtheta) 
   1.00000000e+00   1.00000000e-01   3.14160000e-01
*Coordenadas 
316
     0 1  +1.70271972e-01  +1.00000000e+00
     1 0  +2.68631030e-01  +9.81958502e-01
     2 0  +3.62529617e-01  +9.47562930e-01
     3 0  +4.61843694e-01  +9.35870448e-01
     4 0  +5.61089221e-01  +9.48131172e-01
     5 0  +6.60541662e-01  +9.37680719e-01
     6 0  +7.56898158e-01  +9.10933276e-01
     7 0  +8.49325346e-01  +8.72759790e-01
     8 0  +9.42630489e-01  +8.36785490e-01
     9 1  +1.00000000e+00  +8.15390522e-01
    10 1  +3.87169194e-01  +1.00000000e+00
    11 0  +3.11136529e-01  +9.35045910e-01
    12 0  +2.40097403e-01  +8.64665213e-01
    13 0  +1.91079742e-01  +7.77502899e-01
    14 0  +1.20442531e-01  +7.06718830e-01
    15 0  +3.67638528e-02  +6.51965941e-01
    16 1  -9.02056208e-17  +6.36959231e-01
    17 1  +2.97163464e-01  +0.00000000e+00
    18 0  +1.97165470e-01  +6.33325447e-04
    19 0  +9.71747330e-02  +1.99440229e-03
    20 1  -1.66533454e-16  +3.83183164e-03
    21 1  +9.22425052e-01  +0.00000000e+00
    22 0  +9.76170315e-01  +8.43293939e-02
    23 1  +1.00000000e+00  +1.30370751e-01
    24 1  +0.00000000e+00  +1.62054441e-01
    25 0  +6.28221971e-02  +2.39857857e-01
    26 0  +1.23019498e-01  +3.19709501e-01
    27 0  +1.74192744e-01  +4.05623987e-01
    28 0  +2.08497851e-01  +4.99555662e-01
    29 0  +2.14333564e-01  +5.99385239e-01
    30 0  +2.10300366e-01  +6.99303872e-01
    31 0  +2.22648049e-01  +7.98538618e-01
    32 0  +2.11502164e-01  +8.97915523e-01
    33 0  +2.01199251e-01  +9.97383357e-01
    34 1  +2.00432947e-01  +1.00000000e+00
    35 1  +8.86365994e-01  +0.00000000e+00
    36 0  +8.20319625e-01  +7.50857988e-02
    37 0  +7.36338012e-01  +1.29372894e-01
    38 0  +6.65814216e-01  +2.00269962e-01
    39 0  +5.87722476e-01  +2.62733392e-01
    40 0  +5.16935976e-01  +3.33368167e-01
    41 0  +4.69815015e-01  +4.21570293e-01
    42 0  +4.12953385e-01  +5.03830581e-01
    43 0  +3.74924417e-01  +5.96317324e-01
    44 0  +3.29300336e-01  +6.85302959e-01
    45 0  +3.10981732e-01  +7.83610785e-01
    46 0  +2.84027850e-01  +8.79909738e-01
    47 0  +2.64714658e-01  +9.78027018e-01
    48 1  +2.60545630e-01  +1.00000000e+00
    49 1  +5.93918674e-01  +0.00000000e+00
    50 0  +6.35632338e-01  +9.08843788e-02
    51 0  +6.82197106e-01  +1.79381397e-01
    52 0  +7.34842338e-01  +2.64401863e-01
    53 0  +7.78135229e-01  +3.54544670e-01
    54 0  +7.91924727e-01  +4.53589355e-01
    55 0  +8.28895188e-01  +5.46504290e-01
    56 0  +8.88456243e-01  +6.26831625e-01
    57 0  +9.42439294e-01  +7.11008998e-01
    58 1  +1.00000000e+00  +7.58596435e-01
    59 1  +0.00000000e+00  +2.52549011e-01
    60 0  +9.95808792e-02  +2.43403056e-01
    61 0  +1.99136989e-01  +2.52814807e-01
    62 0  +2.93371596e-01  +2.86278800e-01
    63 0  +3.80855869e-01  +3.34719505e-01
    64 0  +4.53501152e-01  +4.03441138e-01
    65 0  +5.24326525e-01  +4.74036935e-01
    66 0  +5.72776776e-01  +5.61515922e-01
    67 0  +6.22133937e-01  +6.48486438e-01
    68 0  +6.75393432e-01  +7.33123464e-01
    69 0  +7.41153273e-01  +8.08460330e-01
    70 0  +7.97752691e-01  +8.90901254e-01
    71 0  +8.31082809e-01  +9.85183295e-01
    72 1  +8.34528116e-01  +1.00000000e+00
    73 1  +0.00000000e+00  +7.20021494e-01
    74 0  +9.93216485e-02  +7.31649483e-01
    75 0  +1.99318355e-01  +7.32461080e-01
    76 0  +2.99188846e-01  +7.27373341e-01
    77 0  +3.99169355e-01  +7.25399049e-01
    78 0  +4.96183165e-01  +7.49654371e-01
    79 0  +5.96085611e-01  +7.45238359e-01
    80 0  +6.95641741e-01  +7.54649892e-01
    81 0  +7.95629899e-01  +7.53110967e-01
    82 0  +8.92039982e-01  +7.26557323e-01
    83 0  +9.84208476e-01  +6.87763397e-01
    84 1  +1.00000000e+00  +6.84423762e-01
    85 1  +0.00000000e+00  +2.63663676e-01
    86 0  +5.66979955e-02  +3.46036835e-01
    87 0  +9.58049770e-02  +4.38072937e-01
    88 0  +1.23570166e-01  +5.34141112e-01
    89 0  +1.70027257e-01  +6.22694704e-01
    90 0  +2.26705399e-01  +7.05081525e-01
    91 0  +2.89073196e-01  +7.83249664e-01
    92 0  +3.31550340e-01  +8.73779726e-01
    93 0  +3.55665850e-01  +9.70828385e-01
    94 1  +3.62978043e-01  +1.00000000e+00
    95 1  +1.00000000e+00  +7.32634231e-01
    96 0  +9.33421008e-01  +6.58020306e-01
    97 0  +8.69955790e-01  +5.80740515e-01
    98 0  +7.97494874e-01  +5.11824510e-01
    99 0  +7.27910351e-01  +4.40005334e-01
   100 0  +6.56199397e-01  +3.70309286e-01
   101 0  +5.75528572e-01  +3.11214295e-01
   102 0  +4.81064507e-01  +2.78403619e-01
   103 0  +3.83288139e-01  +2.57432644e-01
   104 0  +2.91120228e-01  +2.18637330e-01
   105 0  +1.94148059e-01  +1.94216061e-01
   106 0  +1.03664710e-01  +1.51639501e-01
   107 0  +9.11366509e-03  +1.19080325e-01
   108 1  -1.92554306e-16  +1.14694827e-01
   109 1  +1.00000000e+00  +1.21397306e-01
   110 0  +9.00263709e-01  +1.28654873e-01
   111 0  +8.00264864e-01  +1.29135402e-01
   112 0  +7.00531256e-01  +1.21841053e-01
   113 0  +6.04254596e-01  +9.48076539e-02
   114 0  +5.06099810e-01  +7.56859896e-02
   115 0  +4.07892935e-01  +5.68336758e-02
   116 0  +3.11565604e-01  +2.99813904e-02
   117 1  +2.18893857e-01  -5.89805982e-17
   118 1  +4.31987930e-01  +0.00000000e+00
   119 0  +3.52009609e-01  +6.00288935e-02
   120 0  +2.82306385e-01  +1.31732873e-01
   121 0  +2.11962749e-01  +2.02808697e-01
   122 0  +1.40980007e-01  +2.73246261e-01
   123 0  +5.63954877e-02  +3.26589106e-01
   124 1  -1.66533454e-16  +3.76070824e-01
   125 1  +3.65104291e-01  +0.00000000e+00
   126 0  +2.91426451e-01  +6.76134302e-02
   127 0  +2.08745512e-01  +1.23861651e-01
   128 0  +1.21424175e-01  +1.72595459e-01
   129 0  +2.49952888e-02  +1.99080737e-01
   130 1  -1.45716772e-16  +2.04989544e-01
   131 1  +1.00000000e+00  +2.34685698e-01
   132 0  +9.23617303e-01  +1.70143591e-01
   133 0  +8.38644755e-01  +1.17421052e-01
   134 0  +7.43314752e-01  +8.72185611e-02
   135 0  +6.43608732e-01  +7.95563389e-02
   136 0  +5.43663814e-01  +8.28749690e-02
   137 0  +4.44925907e-01  +9.87124465e-02
   138 0  +3.45086651e-01  +9.30447318e-02
   139 0  +2.46843335e-01  +7.43832502e-02
   140 0  +1.49964087e-01  +4.95959298e-02
   141 0  +5.01899890e-02  +4.28780867e-02
   142 1  -2.01227923e-16  +5.21069928e-02
   143 1  +1.00000000e+00  +4.89998422e-01
   144 0  +9.04299237e-01  +4.60992146e-01
   145 0  +8.14827151e-01  +4.16329570e-01
   146 0  +7.35287902e-01  +3.55720099e-01
   147 0  +6.42750679e-01  +3.17814133e-01
   148 0  +5.59730498e-01  +2.62067836e-01
   149 0  +4.87484242e-01  +1.92926832e-01
   150 0  +4.14298329e-01  +1.24781237e-01
   151 0  +3.29069373e-01  +7.24742091e-02
   152 0  +2.36889847e-01  +3.37065048e-02
   153 1  +1.82835632e-01  -3.46944695e-17
   154 1  +1.00000000e+00  +3.20640754e-01
   155 0  +9.24492775e-01  +3.86204914e-01
   156 0  +8.55988527e-01  +4.59055225e-01
   157 0  +8.00935631e-01  +5.42536832e-01
   158 0  +7.28823266e-01  +6.11817470e-01
   159 0  +6.41544201e-01  +6.60626944e-01
   160 0  +5.57683993e-01  +7.15101393e-01
   161 0  +4.85003737e-01  +7.83786037e-01
   162 0  +3.98622900e-01  +8.34168087e-01
   163 0  +3.01973564e-01  +8.59837252e-01
   164 0  +2.15176842e-01  +9.09499401e-01
   165 0  +1.36337098e-01  +9.71016022e-01
   166 1  +1.12352276e-01  +1.00000000e+00
   167 1  +6.17891289e-01  +1.00000000e+00
   168 0  +5.18346365e-01  +9.90470672e-01
   169 0  +4.21569485e-01  +9.65286640e-01
   170 0  +3.21983673e-01  +9.56194555e-01
   171 0  +2.21985908e-01  +9.56863213e-01
   172 0  +1.22962993e-01  +9.42918238e-01
   173 0  +2.34140412e-02  +9.52405393e-01
   174 1  +1.38777878e-17  +9.59998739e-01
   175 1  +1.00000000e+00  +7.83198666e-01
   176 0  +9.28318676e-01  +8.52925187e-01
   177 0  +8.42705301e-01  +9.04600616e-01
   178 0  +7.49291626e-01  +9.40292148e-01
   179 0  +6.58531980e-01  +9.82276509e-01
   180 0  +5.59413604e-01  +9.95525944e-01
   181 0  +4.59530202e-01  +9.90698307e-01
   182 1  +3.70871042e-01  +1.00000000e+00
   183 1  +7.55901263e-01  +0.00000000e+00
   184 0  +7.52452898e-01  +9.99405262e-02
   185 0  +7.41352504e-01  +1.99322523e-01
   186 0  +7.29122653e-01  +2.98571859e-01
   187 0  +7.34202361e-01  +3.98442759e-01
   188 0  +7.56035662e-01  +4.96030191e-01
   189 0  +7.99659858e-01  +5.86013132e-01
   190 0  +8.38142292e-01  +6.78312114e-01
   191 0  +8.49070401e-01  +7.77713203e-01
   192 0  +8.52938623e-01  +8.77638359e-01
   193 0  +8.36029361e-01  +9.76198376e-01
   194 1  +8.37161569e-01  +1.00000000e+00
   195 1  +1.00000000e+00  +8.86409299e-01
   196 0  +9.50964565e-01  +9.73561615e-01
   197 1  +9.43321352e-01  +1.00000000e+00
   198 1  +8.21493599e-01  +0.00000000e+00
   199 0  +8.19945082e-01  +9.99880098e-02
   200 0  +8.37740604e-01  +1.98391868e-01
   201 0  +8.24618253e-01  +2.97527149e-01
   202 0  +8.29212533e-01  +3.97421556e-01
   203 0  +8.34846546e-01  +4.97262720e-01
   204 0  +8.52106695e-01  +5.95761894e-01
   205 0  +8.96088492e-01  +6.85570588e-01
   206 0  +9.20392919e-01  +7.82572107e-01
   207 0  +9.18104778e-01  +8.82545926e-01
   208 0  +9.41008089e-01  +9.79887789e-01
   209 1  +9.40242242e-01  +1.00000000e+00
   210 1  +7.11362177e-01  +0.00000000e+00
   211 0  +8.03795243e-01  +3.81592505e-02
   212 0  +9.02699715e-01  +5.29208670e-02
   213 0  +9.97348686e-01  +8.51942682e-02
   214 1  +1.00000000e+00  +8.64809287e-02
   215 1  +8.77351306e-01  +1.00000000e+00
   216 0  +7.95416568e-01  +9.42670263e-01
   217 0  +7.33410518e-01  +8.64214863e-01
   218 0  +6.90669490e-01  +7.73809086e-01
   219 0  +6.42822570e-01  +6.85998652e-01
   220 0  +5.70655512e-01  +6.16774988e-01
   221 0  +4.83485524e-01  +5.67770976e-01
   222 0  +3.89213054e-01  +5.34413798e-01
   223 0  +3.03751468e-01  +4.82487722e-01
   224 0  +2.07325492e-01  +4.55991852e-01
   225 0  +1.14227389e-01  +4.19485096e-01
   226 0  +2.20625637e-02  +3.80682454e-01
   227 1  -1.00613962e-16  +3.73756831e-01
   228 1  +1.45065267e-01  +1.00000000e+00
   229 0  +5.74303720e-02  +9.51832322e-01
   230 1  -1.38777878e-17  +9.09141785e-01
   231 2  +3.36814604e-01  +9.56982482e-01
   232 2  +2.01521943e-01  +9.94267978e-01
   233 2  +2.63800613e-01  +9.82844520e-01
   234 2  +3.50939600e-01  +9.51808417e-01
   235 2  +3.35577460e-01  +9.57435654e-01
   236 2  +2.19366039e-01  +8.27801079e-01
   237 2  +2.79369888e-01  +9.03573699e-01
   238 2  +1.45697073e-01  +7.32025877e-01
   239 2  +3.56386249e-01  +9.73702380e-01
   240 2  +2.59660735e-01  +8.84047222e-01
   241 2  +3.37556581e-01  +9.57616346e-01
   242 2  +3.85386551e-01  +9.98477103e-01
   243 2  +2.20396669e-01  +4.86193402e-04
   244 2  +1.84135709e-01  +8.10686940e-04
   245 2  +9.95524173e-01  +1.21723001e-01
   246 2  +9.70994317e-01  +7.62079569e-02
   247 2  +6.77020325e-02  +2.46330952e-01
   248 2  +2.14330923e-01  +7.31696289e-01
   249 2  +2.10989279e-01  +6.82236718e-01
   250 2  +1.05066541e-01  +2.95894926e-01
   251 2  +2.90070865e-02  +1.97978852e-01
   252 2  +1.90124356e-01  +4.49246734e-01
   253 2  +6.83883564e-01  +1.82104976e-01
   254 2  +4.70466268e-01  +4.20351262e-01
   255 2  +3.21543229e-01  +7.26931914e-01
   256 2  +3.02859043e-01  +8.12630961e-01
   257 2  +5.48533803e-01  +3.01838067e-01
   258 2  +7.43165838e-01  +1.24959275e-01
   259 2  +7.82395953e-01  +9.96002833e-02
   260 2  +5.76861588e-01  +2.73571001e-01
   261 2  +7.50163701e-01  +1.20435741e-01
   262 2  +8.20330943e-01  +7.50729321e-02
   263 2  +8.47113677e-01  +4.46245811e-02
   264 2  +9.39578589e-01  +7.06548216e-01
   265 2  +8.25812485e-01  +5.38756776e-01
   266 2  +6.43494033e-01  +1.05825645e-01
   267 2  +6.30630834e-01  +7.99872647e-02
   268 2  +7.83403481e-01  +3.92384511e-01
   269 2  +8.17389106e-01  +5.17586964e-01
   270 2  +7.33583676e-01  +2.62369162e-01
   271 2  +6.94052198e-01  +7.54499625e-01
   272 2  +1.64837291e-01  +2.49572211e-01
   273 2  +6.33188929e-01  +6.66054415e-01
   274 2  +2.46627711e-01  +7.30050982e-01
   275 2  +9.66581458e-01  +6.95182649e-01
   276 2  +5.22344649e-01  +7.48497949e-01
   277 2  +8.44874517e-01  +7.39547821e-01
   278 2  +6.79392864e-01  +7.53113805e-01
   279 2  +4.82383098e-02  +3.33746259e-01
   280 2  +3.22456014e-01  +8.54397304e-01
   281 2  +3.52726973e-01  +9.59001388e-01
   282 2  +8.21724435e-02  +4.05989529e-01
   283 2  +2.15215854e-01  +1.99521731e-01
   284 2  +1.33672656e-01  +1.65759614e-01
   285 2  +8.12056302e-01  +5.25673569e-01
   286 2  +7.48182291e-01  +4.60928291e-01
   287 2  +8.45378447e-01  +5.57365537e-01
   288 2  +3.70248059e-01  +4.63397594e-02
   289 2  +3.27571723e-01  +3.44432692e-02
   290 2  +8.57084636e-01  +1.28862363e-01
   291 2  +5.43300891e-01  +8.29331816e-02
   292 2  +7.49605840e-01  +1.25430285e-01
   293 2  +8.25194482e-01  +1.29015606e-01
   294 2  +3.23838511e-01  +8.90086122e-02
   295 2  +3.35860172e-01  +7.66418828e-02
   296 2  +2.73916140e-01  +7.95257747e-02
   297 2  +2.99624131e-01  +6.00904999e-02
   298 2  +3.64370678e-01  +9.41394551e-02
   299 2  +7.52788298e-01  +9.02199738e-02
   300 2  +8.22152808e-01  +1.12196066e-01
   301 2  +8.70181837e-01  +4.43961460e-01
   302 2  +7.31960034e-01  +3.54356906e-01
   303 2  +8.30727394e-01  +4.24266635e-01
   304 2  +1.64796947e-01  +9.48809535e-01
   305 2  +7.85685392e-01  +5.57188221e-01
   306 2  +8.34526961e-01  +4.91599308e-01
   307 2  +6.26535828e-01  +6.70376179e-01
   308 2  +5.64313084e-01  +9.94871017e-01
   309 2  +5.42481776e-02  +9.49466856e-01
   310 2  +8.48960662e-01  +9.00824939e-01
   311 2  +9.18649139e-01  +8.58761629e-01
   312 2  +7.83275038e-01  +9.27307753e-01
   313 2  +7.55275741e-01  +1.81288876e-02
   314 2  +8.36812294e-01  +9.71634853e-01
   315 2  +8.20863174e-01  +4.07066606e-02
*Segmentos 
376
     0     0   232
     1     1   235
     2     2     3
     3     3     4
     4     4     5
     5     5     6
     6     6     7
     7     7     8
     8     8     9
     9    10   242
    10    11   237
    11    12   236
    12    13   238
    13    14    15
    14    15    16
    15    17   243
    16    18   244
    17    19    20
    18    21   246
    19    22   245
    20    24   251
    21    25   247
    22    26    27
    23    27   252
    24    28    29
    25    29   249
    26    30   248
    27    31   236
    28    32   232
    29    33    34
    30    35   263
    31    36   259
    32    37   253
    33    38    39
    34    39   260
    35    40   254
    36    41    42
    37    42    43
    38    43    44
    39    44   255
    40    45   256
    41    46   237
    42    47   233
    43    49   267
    44    50   266
    45    51   253
    46    52    53
    47    53   268
    48    54   269
    49    55    56
    50    56   264
    51    57    58
    52    59   247
    53    60   272
    54    61    62
    55    62    63
    56    63    64
    57    64   254
    58    65    66
    59    66    67
    60    67   273
    61    68   271
    62    69    70
    63    70    71
    64    71    72
    65    73    74
    66    74   238
    67    75   248
    68    76   255
    69    77    78
    70    78   276
    71    79   278
    72    80    81
    73    81   277
    74    82   264
    75    83    84
    76    85   279
    77    86   282
    78    87    88
    79    88    89
    80    89   249
    81    90   274
    82    91   256
    83    92   234
    84    93   239
    85    95   275
    86    96    97
    87    97   287
    88    98   286
    89    99   100
    90   100   101
    91   101   257
    92   102   103
    93   103   104
    94   104   283
    95   105   284
    96   106   107
    97   107   108
    98   109   245
    99   110   290
   100   111   292
   101   112   266
   102   113   291
   103   114   115
   104   115   288
   105   116   243
   106   118   288
   107   119   295
   108   120   283
   109   121   272
   110   122   250
   111   123   279
   112   125   289
   113   126   296
   114   127   284
   115   128   251
   116   129   130
   117   131   132
   118   132   290
   119   133   300
   120   134   135
   121   135   267
   122   136   291
   123   137   298
   124   138   294
   125   139   140
   126   140   141
   127   141   142
   128   143   144
   129   144   301
   130   145   268
   131   146   302
   132   147   260
   133   148   149
   134   149   150
   135   150   298
   136   151   297
   137   152   244
   138   154   155
   139   155   301
   140   156   306
   141   157   305
   142   158   159
   143   159   273
   144   160   276
   145   161   162
   146   162   280
   147   163   240
   148   164   304
   149   165   166
   150   167   308
   151   168   169
   152   169   281
   153   170   171
   154   171   304
   155   172   309
   156   173   174
   157   175   176
   158   176   311
   159   177   312
   160   178   179
   161   179   308
   162   180   181
   163   181   242
   164   183   313
   165   184   261
   166   185   270
   167   186   302
   168   187   286
   169   188   305
   170   189   190
   171   190   277
   172   191   192
   173   192   310
   174   193   194
   175   195   196
   176   196   197
   177   198   315
   178   199   300
   179   200   201
   180   201   202
   181   202   303
   182   203   287
   183   204   205
   184   205   206
   185   206   311
   186   207   208
   187   208   209
   188   210   313
   189   211   315
   190   212   246
   191   213   214
   192   215   314
   193   216   312
   194   217   218
   195   218   278
   196   219   307
   197   220   221
   198   221   222
   199   222   223
   200   223   224
   201   224   252
   202   225   282
   203   226   227
   204   228   229
   205   229   309
   206   231   234
   207   231    11
   208   232   233
   209   232    33
   210   233     1
   211   233    48
   212   234     2
   213   234   281
   214   235   231
   215   235   170
   216   236    13
   217   236    32
   218   237   240
   219   237    47
   220   238    14
   221   238    75
   222   239   241
   223   239    94
   224   240    12
   225   240   164
   226   241   231
   227   241   235
   228   242   239
   229   242   182
   230   243    18
   231   243   117
   232   244    19
   233   244   153
   234   245    23
   235   245   110
   236   246    22
   237   246   213
   238   247   250
   239   247    60
   240   248    31
   241   248   274
   242   249    30
   243   249    90
   244   250    26
   245   250   123
   246   251    25
   247   251   129
   248   252    28
   249   252   225
   250   253    38
   251   253   270
   252   254    41
   253   254    65
   254   255    45
   255   255    77
   256   256    46
   257   256   280
   258   257    40
   259   257   102
   260   258    37
   261   258   112
   262   259   261
   263   259   299
   264   260   257
   265   260   148
   266   261   258
   267   261   292
   268   262    36
   269   262   199
   270   263   262
   271   263   212
   272   264    57
   273   264   275
   274   265    55
   275   265   285
   276   266    51
   277   266   113
   278   267    50
   279   267   136
   280   268    54
   281   268   146
   282   269   265
   283   269   285
   284   270    52
   285   270   186
   286   271    69
   287   271    80
   288   272    61
   289   272   122
   290   273    68
   291   273   307
   292   274    76
   293   274    91
   294   275    83
   295   275    96
   296   276    79
   297   276   161
   298   277    82
   299   277   191
   300   278   271
   301   278   219
   302   279    86
   303   279   124
   304   280    92
   305   280   163
   306   281    93
   307   281   241
   308   282    87
   309   282   226
   310   283   105
   311   283   121
   312   284   106
   313   284   128
   314   285    98
   315   285   157
   316   286    99
   317   286   188
   318   287   265
   319   287   204
   320   288   289
   321   288   119
   322   289   116
   323   289   297
   324   290   293
   325   290   133
   326   291   114
   327   291   137
   328   292   258
   329   292   185
   330   293   111
   331   293   200
   332   294   120
   333   294   296
   334   295   294
   335   295   151
   336   296   127
   337   296   139
   338   297   126
   339   297   152
   340   298   138
   341   298   295
   342   299   134
   343   299   184
   344   300   259
   345   300   293
   346   301   303
   347   301   156
   348   302   147
   349   302   187
   350   303   145
   351   303   306
   352   304   165
   353   304   172
   354   305   158
   355   305   189
   356   306   269
   357   306   203
   358   307   160
   359   307   220
   360   308   168
   361   308   180
   362   309   173
   363   309   230
   364   310   177
   365   310   314
   366   311   310
   367   311   207
   368   312   178
   369   312   217
   370   313   299
   371   313   211
   372   314   193
   373   314   216
   374   315   262
   375   315   263
*Fibras 
25
     0     0   208   210     1   214   206   212     2     3     4     5     6     7     8
     1     9   228   222   226   207    10   218   224    11   216    12   220    13    14
     2    15   230    16   232    17
     3    18   236    19   234
     4    20   246    21   238   244    22    23   248    24    25   242    26   240    27   217    28   209    29
     5    30   270   268    31   262   266   260    32   250    33    34   264   258    35   252    36    37    38    39   254    40   256    41   219    42   211
     6    43   278    44   276    45   251   284    46    47   280    48   282   274    49    50   272    51
     7    52   239    53   288    54    55    56    57   253    58    59    60   290    61   286    62    63    64
     8    65    66   221    67   241   292    68   255    69    70   296    71   300   287    72    73   298    74   273   294    75
     9    76   302    77   308    78    79    80   243    81   293    82   257   304    83   213   306    84   223
    10    85   295    86    87   318   275   314    88   316    89    90    91   259    92    93    94   310    95   312    96    97
    11    98   235    99   324   330   100   328   261   101   277   102   326   103   104   320   322   105   231
    12   106   321   107   334   332   108   311   109   289   110   245   111   303
    13   112   323   338   113   336   114   313   115   247   116
    14   117   118   325   119   344   263   342   120   121   279   122   327   123   340   124   333   337   125   126   127
    15   128   129   346   350   130   281   131   348   132   265   133   134   135   341   335   136   339   137   233
    16   138   139   347   140   356   283   315   141   354   142   143   291   358   144   297   145   146   305   147   225   148   352   149
    17   150   360   151   152   307   227   215   153   154   353   155   362   156
    18   157   158   366   364   159   368   160   161   361   162   163   229
    19   164   370   343   165   267   329   166   285   167   349   168   317   169   355   170   171   299   172   173   365   372   174
    20   175   176
    21   177   374   269   178   345   331   179   180   181   351   357   182   319   183   184   185   367   186   187
    22   188   371   189   375   271   190   237   191
    23   192   373   193   369   194   195   301   196   359   197   198   199   200   201   249   202   309   203
    24   204   205   363
