*Parametros
      0.10000000E+03
      0.10000000E+01
  2
      0.10000000E+02      0.10000000E+00
*Coordenadas
         193
           0 1      0.59493209E+02      0.00000000E+00      0.71391851E+02      0.00000000E+00
           1 2      0.59607194E+02      0.29562068E+01      0.72187997E+02      0.25280512E+01
           2 2      0.60343800E+02      0.92080899E+01      0.72054021E+02      0.89320657E+01
           3 2      0.61444002E+02      0.23639543E+02      0.75746818E+02      0.23106366E+02
           4 2      0.66475773E+02      0.30918911E+02      0.82747128E+02      0.29477542E+02
           5 2      0.88463813E+02      0.35249473E+02      0.10729017E+03      0.34499383E+02
           6 2      0.89605303E+02      0.35372149E+02      0.10852421E+03      0.34528566E+02
           7 2      0.99735475E+02      0.35379229E+02      0.11970838E+03      0.35371486E+02
           8 1      0.10000000E+03      0.35429300E+02      0.12000000E+03      0.35429300E+02
           9 1      0.42433574E+02      0.00000000E+00      0.50920289E+02      0.00000000E+00
          10 2      0.44534605E+02      0.30857851E+01      0.53309030E+02      0.31997637E+01
          11 2      0.44944662E+02      0.36880351E+01      0.53737937E+02      0.38698337E+01
          12 2      0.51131443E+02      0.11354337E+02      0.62278563E+02      0.11297101E+02
          13 2      0.70579920E+02      0.37352232E+02      0.85831299E+02      0.37010675E+02
          14 2      0.74369617E+02      0.63048786E+02      0.88690103E+02      0.64243348E+02
          15 2      0.74119333E+02      0.64107761E+02      0.88474890E+02      0.65337132E+02
          16 2      0.73736403E+02      0.73445020E+02      0.87525398E+02      0.74786145E+02
          17 2      0.75165180E+02      0.79886001E+02      0.90602324E+02      0.80777122E+02
          18 2      0.86277618E+02      0.95535847E+02      0.10375296E+03      0.95705844E+02
          19 1      0.89631497E+02      0.10000000E+03      0.10755780E+03      0.10000000E+03
          20 1      0.57398428E+02      0.00000000E+00      0.68878114E+02      0.00000000E+00
          21 2      0.68250639E+02      0.93251667E+01      0.82589187E+02      0.87374371E+01
          22 2      0.81885917E+02      0.16203441E+02      0.98929605E+02      0.14646358E+02
          23 2      0.85795316E+02      0.16142365E+02      0.10326375E+03      0.15090186E+02
          24 2      0.87773341E+02      0.15857051E+02      0.10552548E+03      0.15032270E+02
          25 1      0.10000000E+03      0.90446357E+01      0.12000000E+03      0.90446357E+01
          26 1      0.10000000E+03      0.75398904E+02      0.12000000E+03      0.75398904E+02
          27 2      0.90406898E+02      0.61067827E+02      0.10731084E+03      0.63308973E+02
          28 2      0.50960206E+02      0.54882150E+01      0.60865070E+02      0.55475659E+01
          29 1      0.51397791E+02     -0.11546320E-13      0.61677349E+02     -0.11546320E-13
          30 1      0.97338159E+02      0.10000000E+03      0.11680579E+03      0.10000000E+03
          31 2      0.85179659E+02      0.84991167E+02      0.10138916E+03      0.85729632E+02
          32 2      0.77424303E+02      0.78593897E+02      0.92970412E+02      0.79115717E+02
          33 2      0.66292750E+02      0.68328132E+02      0.79340389E+02      0.69023441E+02
          34 2      0.61780476E+02      0.65420505E+02      0.74158351E+02      0.66332195E+02
          35 2      0.39433333E+02      0.38946244E+02      0.46439033E+02      0.40251227E+02
          36 2      0.28233848E+02      0.24776843E+02      0.33705208E+02      0.24875557E+02
          37 2      0.25841053E+02      0.12288226E+02      0.30509145E+02      0.12078338E+02
          38 2      0.25324068E+02      0.10620154E+02      0.30013955E+02      0.10347060E+02
          39 2      0.22961210E+02      0.71775997E+00      0.27458846E+02      0.69803506E+00
          40 2      0.22765414E+02      0.38864730E-03      0.27318412E+02      0.37970032E-03
          41 1      0.22765308E+02     -0.62172489E-14      0.27318370E+02     -0.62172489E-14
          42 1      0.10000000E+03      0.78070516E+02      0.12000000E+03      0.78070516E+02
          43 2      0.83052184E+02      0.76865951E+02      0.99352702E+02      0.77373663E+02
          44 2      0.71684104E+02      0.83035124E+02      0.86210151E+02      0.83515297E+02
          45 1      0.52174179E+02      0.10000000E+03      0.62609015E+02      0.10000000E+03
          46 1      0.00000000E+00      0.74788986E+02      0.00000000E+00      0.74788986E+02
          47 2      0.44739209E+01      0.78934129E+02      0.53455787E+01      0.78997794E+02
          48 2      0.64197368E+01      0.81000420E+02      0.78236907E+01      0.80967682E+02
          49 2      0.66499687E+01      0.81244906E+02      0.81306345E+01      0.81190141E+02
          50 2      0.17432755E+02      0.84676416E+02      0.21028796E+02      0.84381405E+02
          51 2      0.22875845E+02      0.83301551E+02      0.27585649E+02      0.84093404E+02
          52 2      0.64950708E+02      0.65071509E+02      0.77688773E+02      0.65749860E+02
          53 2      0.73457402E+02      0.63070851E+02      0.87656724E+02      0.64351091E+02
          54 1      0.10000000E+03      0.66015009E+02      0.12000000E+03      0.66015009E+02
          55 1      0.27607694E+01      0.00000000E+00      0.33129233E+01      0.00000000E+00
          56 2      0.10619140E+02      0.95636872E+01      0.13196340E+02      0.95630468E+01
          57 2      0.16317131E+02      0.15388334E+02      0.19692056E+02      0.15687446E+02
          58 2      0.17751503E+02      0.16378638E+02      0.21307591E+02      0.16682098E+02
          59 2      0.42166989E+02      0.33056290E+02      0.48086123E+02      0.33838215E+02
          60 1      0.80771591E+02      0.10000000E+03      0.96925909E+02      0.10000000E+03
          61 1      0.45983374E+02      0.10000000E+03      0.55180049E+02      0.10000000E+03
          62 2      0.26339977E+02      0.91246221E+02      0.32281916E+02      0.90926562E+02
          63 2      0.67024536E+01      0.81111397E+02      0.81723411E+01      0.81049893E+02
          64 2      0.44317138E+01      0.80464091E+02      0.54278915E+01      0.80399710E+02
          65 1     -0.51070259E-14      0.79090230E+02     -0.61284311E-14      0.79090230E+02
          66 1      0.00000000E+00      0.91334196E+02      0.00000000E+00      0.91334196E+02
          67 2      0.49453075E+01      0.85043883E+02      0.57750917E+01      0.84983491E+02
          68 2      0.20663582E+02      0.62760123E+02      0.24097368E+02      0.63185831E+02
          69 2      0.43859316E+02      0.21475281E+02      0.50644392E+02      0.21939171E+02
          70 2      0.37976589E+02      0.66609206E+01      0.45060786E+02      0.63777762E+01
          71 2      0.33203083E+02      0.76397493E+00      0.39750386E+02      0.72429619E+00
          72 1      0.32249354E+02     -0.79103391E-14      0.38699225E+02     -0.79103391E-14
          73 1      0.10000000E+03      0.59378426E+02      0.12000000E+03      0.59378426E+02
          74 2      0.98700179E+02      0.56240671E+02      0.11811927E+03      0.56353907E+02
          75 2      0.89981015E+02      0.42309940E+02      0.10882586E+03      0.41835583E+02
          76 2      0.88383960E+02      0.33732540E+02      0.10708012E+03      0.32969238E+02
          77 2      0.88135052E+02      0.25640907E+02      0.10655449E+03      0.24752463E+02
          78 2      0.87900735E+02      0.24762052E+02      0.10625399E+03      0.23879865E+02
          79 2      0.78675268E+02      0.40670824E+01      0.93165453E+02      0.44168419E+01
          80 2      0.74385042E+02      0.12449577E+01      0.89144521E+02      0.10158602E+01
          81 1      0.72174905E+02     -0.21982416E-13      0.86609886E+02     -0.21982416E-13
          82 1      0.10000000E+03      0.35680157E+02      0.12000000E+03      0.35680157E+02
          83 2      0.94705095E+02      0.28645704E+02      0.11378392E+03      0.28505960E+02
          84 2      0.94336832E+02      0.28040053E+02      0.11342731E+03      0.27835681E+02
          85 2      0.91196463E+02      0.20563097E+02      0.10885796E+03      0.20382134E+02
          86 1      0.77143880E+02     -0.22204461E-13      0.92572656E+02     -0.22204461E-13
          87 1      0.47784267E+02      0.00000000E+00      0.57341120E+02      0.00000000E+00
          88 2      0.44005992E+02      0.35421678E+01      0.52613431E+02      0.35968009E+01
          89 2      0.31055529E+02      0.10063951E+02      0.36687682E+02      0.99742403E+01
          90 2      0.27996110E+02      0.11391310E+02      0.33000449E+02      0.11174056E+02
          91 2      0.17992022E+02      0.14793852E+02      0.21635644E+02      0.15061559E+02
          92 2      0.13649347E+02      0.17011818E+02      0.16400504E+02      0.17123304E+02
          93 2      0.10241323E+02      0.18919345E+02      0.12385054E+02      0.19122549E+02
          94 1     -0.11990409E-13      0.24444593E+02     -0.14388491E-13      0.24444593E+02
          95 1      0.22738520E+02      0.00000000E+00      0.27286224E+02      0.00000000E+00
          96 2      0.23172393E+02      0.62697830E-02      0.27805507E+02      0.58992133E-02
          97 2      0.33549122E+02      0.84259440E+00      0.40175196E+02      0.75776817E+00
          98 2      0.54199504E+02      0.67393031E+01      0.64710166E+02      0.67239219E+01
          99 2      0.64739112E+02      0.11016359E+02      0.77201675E+02      0.10916880E+02
         100 2      0.67862192E+02      0.13251616E+02      0.81227736E+02      0.13140653E+02
         101 2      0.82520421E+02      0.23184950E+02      0.10041428E+03      0.21616418E+02
         102 2      0.83220252E+02      0.23369120E+02      0.10116467E+03      0.21930772E+02
         103 2      0.89999344E+02      0.25635839E+02      0.10850141E+03      0.25126593E+02
         104 1      0.10000000E+03      0.31350758E+02      0.12000000E+03      0.31350758E+02
         105 1      0.00000000E+00      0.38298221E+02      0.00000000E+00      0.38298221E+02
         106 2      0.69040759E+00      0.45573884E+02      0.80426714E+00      0.45596687E+02
         107 2      0.29546890E+01      0.65342054E+02      0.43114433E+01      0.65544311E+02
         108 2      0.66124157E+01      0.94348979E+02      0.80825175E+01      0.94363802E+02
         109 1      0.81372922E+01      0.10000000E+03      0.97647506E+01      0.10000000E+03
         110 1      0.23174254E+02      0.00000000E+00      0.27809105E+02      0.00000000E+00
         111 2      0.20470392E+02      0.73444120E+01      0.24119656E+02      0.73137588E+01
         112 2      0.15152059E+02      0.23881286E+02      0.17854656E+02      0.24141963E+02
         113 2      0.14551310E+02      0.24947457E+02      0.17240431E+02      0.25239809E+02
         114 2      0.33539857E+01      0.39971187E+02      0.42521263E+01      0.39986108E+02
         115 1     -0.33306691E-14      0.46511045E+02     -0.39968029E-14      0.46511045E+02
         116 1      0.29671239E+02      0.10000000E+03      0.35605487E+02      0.10000000E+03
         117 2      0.24605232E+02      0.87742517E+02      0.30288273E+02      0.88361021E+02
         118 2      0.24184040E+02      0.86933642E+02      0.29828019E+02      0.87555878E+02
         119 2      0.19079260E+02      0.58424754E+02      0.22758540E+02      0.58646455E+02
         120 2      0.16666176E+02      0.49040525E+02      0.20192606E+02      0.49102497E+02
         121 2      0.16663781E+02      0.49021599E+02      0.20191670E+02      0.49083120E+02
         122 2      0.16082204E+02      0.26376018E+02      0.18987440E+02      0.26584130E+02
         123 2      0.10062911E+02      0.22249106E+01      0.11743868E+02      0.22358644E+01
         124 1      0.10168699E+02     -0.22204460E-14      0.12202439E+02     -0.22204460E-14
         125 1      0.31794410E+01      0.00000000E+00      0.38153292E+01      0.00000000E+00
         126 2      0.31337199E+02      0.12715500E+02      0.36647257E+02      0.12698612E+02
         127 2      0.46734517E+02      0.23427275E+02      0.54281566E+02      0.23054612E+02
         128 2      0.48637533E+02      0.24997667E+02      0.56392714E+02      0.24520004E+02
         129 2      0.78556356E+02      0.69750743E+02      0.92180654E+02      0.71907393E+02
         130 2      0.79475742E+02      0.71004474E+02      0.92930302E+02      0.73358433E+02
         131 2      0.84527207E+02      0.80731976E+02      0.10061428E+03      0.81455594E+02
         132 2      0.85347291E+02      0.87449639E+02      0.10219216E+03      0.87898976E+02
         133 2      0.86085994E+02      0.91811852E+02      0.10334662E+03      0.92170319E+02
         134 2      0.85668603E+02      0.99378339E+02      0.10275397E+03      0.99369902E+02
         135 1      0.85415029E+02      0.10000000E+03      0.10249803E+03      0.10000000E+03
         136 1      0.10000000E+03      0.60603697E+02      0.12000000E+03      0.60603697E+02
         137 2      0.88648774E+02      0.34088043E+02      0.10731918E+03      0.33377996E+02
         138 2      0.83302492E+02      0.23599464E+02      0.10126979E+03      0.22163486E+02
         139 1      0.76634452E+02     -0.23092639E-13      0.91961342E+02     -0.23092639E-13
         140 1      0.61728116E+02      0.00000000E+00      0.74073739E+02      0.00000000E+00
         141 2      0.67358781E+02      0.79668412E+01      0.80921993E+02      0.80649672E+01
         142 2      0.89768234E+02      0.26171405E+02      0.10826708E+03      0.25642590E+02
         143 1      0.10000000E+03      0.32675412E+02      0.12000000E+03      0.32675412E+02
         144 1      0.84494365E+02      0.00000000E+00      0.10139324E+03      0.00000000E+00
         145 2      0.79163444E+02      0.71137357E+02      0.92568303E+02      0.73412061E+02
         146 2      0.61374893E+02      0.75863781E+02      0.72495686E+02      0.76337810E+02
         147 2      0.33359664E+02      0.65179101E+02      0.40932513E+02      0.64892142E+02
         148 2      0.19919147E+02      0.51076914E+02      0.23922697E+02      0.51230390E+02
         149 2      0.16646775E+02      0.49031783E+02      0.20171909E+02      0.49090935E+02
         150 1      0.12656543E-13      0.36867126E+02      0.15187852E-13      0.36867126E+02
         151 1      0.37525519E+02      0.10000000E+03      0.45030623E+02      0.10000000E+03
         152 2      0.33079770E+02      0.87697029E+02      0.40115780E+02      0.87998020E+02
         153 2      0.31926900E+02      0.83705412E+02      0.39107546E+02      0.84243943E+02
         154 2      0.35937550E+02      0.46726320E+02      0.42393835E+02      0.46010219E+02
         155 2      0.49953903E+02      0.22053867E+02      0.57944535E+02      0.21584173E+02
         156 1      0.54636125E+02     -0.12212453E-13      0.65563350E+02     -0.12212453E-13
         157 1      0.66679210E+02      0.10000000E+03      0.80015052E+02      0.10000000E+03
         158 2      0.62764639E+02      0.85678618E+02      0.74936071E+02      0.86591538E+02
         159 2      0.62734158E+02      0.80619975E+02      0.74629941E+02      0.81348459E+02
         160 2      0.28977508E+02      0.40065866E+02      0.33866372E+02      0.40030811E+02
         161 2      0.27635748E+02      0.38540309E+02      0.32187021E+02      0.38679131E+02
         162 1      0.23118942E+01     -0.13322676E-14      0.27742730E+01     -0.13322676E-14
         163 1      0.85257401E+02      0.10000000E+03      0.10230888E+03      0.10000000E+03
         164 2      0.88878419E+02      0.92902165E+02      0.10676799E+03      0.92851571E+02
         165 2      0.89871288E+02      0.90386592E+02      0.10798876E+03      0.90307573E+02
         166 2      0.90442435E+02      0.89551146E+02      0.10856540E+03      0.89432868E+02
         167 2      0.98488792E+02      0.77354907E+02      0.11842186E+03      0.77434236E+02
         168 1      0.10000000E+03      0.75841690E+02      0.12000000E+03      0.75841690E+02
         169 1      0.10006887E+02      0.10000000E+03      0.12008264E+02      0.10000000E+03
         170 2      0.10123208E+02      0.99892329E+02      0.12154944E+02      0.99899368E+02
         171 2      0.22996282E+02      0.87875597E+02      0.28450250E+02      0.88629894E+02
         172 2      0.88925118E+02      0.88798580E+02      0.10662452E+03      0.88939468E+02
         173 2      0.95230762E+02      0.91690758E+02      0.11428029E+03      0.91670082E+02
         174 2      0.99105590E+02      0.93371556E+02      0.11893222E+03      0.93356187E+02
         175 1      0.10000000E+03      0.93762909E+02      0.12000000E+03      0.93762909E+02
         176 1      0.76260868E+02      0.00000000E+00      0.91513042E+02      0.00000000E+00
         177 2      0.65933760E+02      0.93887163E+01      0.78999565E+02      0.93788064E+01
         178 2      0.25311343E+02      0.42760198E+02      0.29877525E+02      0.42953252E+02
         179 2      0.22775199E+02      0.45305655E+02      0.26889357E+02      0.45274107E+02
         180 2      0.10418203E+02      0.91907863E+02      0.13172672E+02      0.92781086E+02
         181 1      0.10106142E+02      0.10000000E+03      0.12127370E+02      0.10000000E+03
         182 1      0.92212192E+02      0.10000000E+03      0.11065463E+03      0.10000000E+03
         183 2      0.93459429E+02      0.95869985E+02      0.11209434E+03      0.95784893E+02
         184 2      0.94355837E+02      0.93650058E+02      0.11326959E+03      0.93587695E+02
         185 1      0.10000000E+03      0.72565269E+02      0.12000000E+03      0.72565269E+02
         186 1      0.10000000E+03      0.93300678E+02      0.12000000E+03      0.93300678E+02
         187 2      0.92013111E+02      0.93488104E+02      0.11052021E+03      0.93311739E+02
         188 1     -0.88817842E-15      0.97587532E+02     -0.10658141E-14      0.97587532E+02
         189 1      0.00000000E+00      0.71914378E+02      0.00000000E+00      0.71914378E+02
         190 1      0.34048769E+02     -0.48849813E-14      0.40858523E+02     -0.48849813E-14
         191 1      0.94713577E+02      0.10000000E+03      0.11365629E+03      0.10000000E+03
         192 1      0.61647559E+02     -0.12434498E-13      0.73977071E+02     -0.12434498E-13
*Fibras
         296
           0      0.10000000E+01      0.29584035E+01      0.10000000E+01           0           1
           1      0.10000000E+01      0.62951275E+01      0.10014856E+01           1           2
           2      0.10000000E+01      0.14473330E+02      0.10082616E+01           2           3
           3      0.10000000E+01      0.88491761E+01      0.10235372E+01           3           4
           4      0.10000000E+01      0.22410437E+02      0.10344911E+01           4           5
           5      0.10000000E+01      0.11480631E+01      0.10000000E+01           5           6
           6      0.10000000E+01      0.10130174E+02      0.10114400E+01           6           7
           7      0.10000000E+01      0.26922218E+00      0.10000000E+01           7           8
           8      0.10000000E+01      0.37331489E+01      0.10000000E+01           9          10
           9      0.10000000E+01      0.72859578E+00      0.10000000E+01          10          11
          10      0.10000000E+01      0.98513169E+01      0.10074399E+01          11          12
          11      0.10000000E+01      0.16039799E+02      0.10048874E+01          12           3
          12      0.10000000E+01      0.88491761E+01      0.10003854E+01           3           4
          13      0.10000000E+01      0.76309660E+01      0.10008927E+01           4          13
          14      0.10000000E+01      0.25974501E+02      0.10224199E+01          13          14
          15      0.10000000E+01      0.10881499E+01      0.10000000E+01          14          15
          16      0.10000000E+01      0.93451079E+01      0.10014658E+01          15          16
          17      0.10000000E+01      0.65975480E+01      0.10047963E+01          16          17
          18      0.10000000E+01      0.19193852E+02      0.10148469E+01          17          18
          19      0.10000000E+01      0.55836517E+01      0.10061758E+01          18          19
          20      0.10000000E+01      0.36902311E+01      0.10000000E+01          20           1
          21      0.10000000E+01      0.10736517E+02      0.10083135E+01           1          21
          22      0.10000000E+01      0.15271917E+02      0.10067695E+01          21          22
          23      0.10000000E+01      0.39098761E+01      0.10013950E+01          22          23
          24      0.10000000E+01      0.19984962E+01      0.10103183E+01          23          24
          25      0.10000000E+01      0.13996435E+02      0.10079900E+01          24          25
          26      0.10000000E+01      0.17245503E+02      0.10015646E+01          26          27
          27      0.10000000E+01      0.30911786E+02      0.10244776E+01          27          13
          28      0.10000000E+01      0.32467427E+02      0.10372438E+01          13          12
          29      0.10000000E+01      0.58686207E+01      0.10010481E+01          12          28
          30      0.10000000E+01      0.55056321E+01      0.10009482E+01          28          29
          31      0.10000000E+01      0.19315646E+02      0.10286114E+01          30          31
          32      0.10000000E+01      0.10053388E+02      0.10123700E+01          31          32
          33      0.10000000E+01      0.63333673E+01      0.10051903E+01          32          16
          34      0.10000000E+01      0.90327467E+01      0.10079787E+01          16          33
          35      0.10000000E+01      0.53679523E+01      0.10078041E+01          33          34
          36      0.10000000E+01      0.34645076E+02      0.10051914E+01          34          35
          37      0.10000000E+01      0.18061018E+02      0.10201964E+01          35          36
          38      0.10000000E+01      0.12715778E+02      0.10028886E+01          36          37
          39      0.10000000E+01      0.17463498E+01      0.10000000E+01          37          38
          40      0.10000000E+01      0.10180398E+02      0.10009252E+01          38          39
          41      0.10000000E+01      0.74361125E+00      0.10000000E+01          39          40
          42      0.10000000E+01      0.40284330E-03      0.10000000E+01          40          41
          43      0.10000000E+01      0.16990569E+02      0.10189500E+01          42          43
          44      0.10000000E+01      0.58871761E+01      0.10073148E+01          43          32
          45      0.10000000E+01      0.26025314E+01      0.10127549E+01          32          17
          46      0.10000000E+01      0.46941310E+01      0.10003217E+01          17          44
          47      0.10000000E+01      0.25854288E+02      0.10082981E+01          44          45
          48      0.10000000E+01      0.60990310E+01      0.10005118E+01          46          47
          49      0.10000000E+01      0.28382667E+01      0.10000000E+01          47          48
          50      0.10000000E+01      0.33582753E+00      0.10000000E+01          48          49
          51      0.10000000E+01      0.11315641E+02      0.10301926E+01          49          50
          52      0.10000000E+01      0.56140433E+01      0.10109052E+01          50          51
          53      0.10000000E+01      0.42817077E+02      0.10289191E+01          51          34
          54      0.10000000E+01      0.31893838E+01      0.10000000E+01          34          52
          55      0.10000000E+01      0.87387914E+01      0.10131129E+01          52          53
          56      0.10000000E+01      0.91248182E+00      0.10000000E+01          53          14
          57      0.10000000E+01      0.16159164E+02      0.10066838E+01          14          27
          58      0.10000000E+01      0.10793619E+02      0.10142965E+01          27          54
          59      0.10000000E+01      0.12378130E+02      0.10083589E+01          55          56
          60      0.10000000E+01      0.81482275E+01      0.10017787E+01          56          57
          61      0.10000000E+01      0.17430218E+01      0.10000000E+01          57          58
          62      0.10000000E+01      0.13431657E+02      0.10094530E+01          58          36
          63      0.10000000E+01      0.16207457E+02      0.10039843E+01          36          59
          64      0.10000000E+01      0.39294683E+02      0.10570555E+01          59          52
          65      0.10000000E+01      0.35223103E+01      0.10019399E+01          52          33
          66      0.10000000E+01      0.15664045E+02      0.10082550E+01          33          44
          67      0.10000000E+01      0.19245504E+02      0.10116088E+01          44          60
          68      0.10000000E+01      0.21505620E+02      0.10047157E+01          61          62
          69      0.10000000E+01      0.11068014E+02      0.10102706E+01          62          50
          70      0.10000000E+01      0.11307021E+02      0.10058802E+01          50          63
          71      0.10000000E+01      0.30371810E+00      0.10000000E+01          63          48
          72      0.10000000E+01      0.20590979E+01      0.10021346E+01          48          64
          73      0.10000000E+01      0.46397825E+01      0.10083484E+01          64          65
          74      0.10000000E+01      0.80015064E+01      0.10110560E+01          66          67
          75      0.10000000E+01      0.41639039E+01      0.10013208E+01          67          49
          76      0.10000000E+01      0.14345493E+00      0.10000000E+01          49          63
          77      0.10000000E+01      0.23058239E+02      0.10116924E+01          63          68
          78      0.10000000E+01      0.30321682E+02      0.10279507E+01          68          35
          79      0.10000000E+01      0.64934146E+01      0.10000895E+01          35          59
          80      0.10000000E+01      0.11704005E+02      0.10063866E+01          59          69
          81      0.10000000E+01      0.15939628E+02      0.10300001E+01          69          70
          82      0.10000000E+01      0.75868523E+01      0.10049002E+01          70          71
          83      0.10000000E+01      0.12219888E+01      0.10140139E+01          71          72
          84      0.10000000E+01      0.33963276E+01      0.10000000E+01          73          74
          85      0.10000000E+01      0.16434387E+02      0.10039062E+01          74          75
          86      0.10000000E+01      0.72216408E+01      0.10059506E+01          75           5
          87      0.10000000E+01      0.15190333E+01      0.10000000E+01           5          76
          88      0.10000000E+01      0.80954604E+01      0.10085153E+01          76          77
          89      0.10000000E+01      0.90955515E+00      0.10000000E+01          77          78
          90      0.10000000E+01      0.88730938E+01      0.10075289E+01          78          23
          91      0.10000000E+01      0.14018114E+02      0.10176169E+01          23          79
          92      0.10000000E+01      0.51352144E+01      0.10006426E+01          79          80
          93      0.10000000E+01      0.25366563E+01      0.10000000E+01          80          81
          94      0.10000000E+01      0.40066337E+00      0.10000000E+01          82           7
          95      0.10000000E+01      0.84050629E+01      0.10037999E+01           7          83
          96      0.10000000E+01      0.70882351E+00      0.10000000E+01          83          84
          97      0.10000000E+01      0.81096725E+01      0.10024703E+01          84          85
          98      0.10000000E+01      0.58193327E+01      0.10079451E+01          85          24
          99      0.10000000E+01      0.19090089E+02      0.10072326E+01          24          86
         100      0.10000000E+01      0.44813361E+01      0.10000000E+01          87          10
         101      0.10000000E+01      0.69836729E+00      0.10032134E+01          10          88
         102      0.10000000E+01      0.67882486E+01      0.10118607E+01          88          70
         103      0.10000000E+01      0.77124372E+01      0.10141281E+01          70          89
         104      0.10000000E+01      0.33349553E+01      0.10006249E+01          89          90
         105      0.10000000E+01      0.23342513E+01      0.10001038E+01          90          37
         106      0.10000000E+01      0.82392627E+01      0.10020617E+01          37          91
         107      0.10000000E+01      0.17772644E+01      0.10105415E+01          91          57
         108      0.10000000E+01      0.31229428E+01      0.10000000E+01          57          92
         109      0.10000000E+01      0.39055457E+01      0.10003235E+01          92          93
         110      0.10000000E+01      0.11636712E+02      0.10006829E+01          93          94
         111      0.10000000E+01      0.26896808E-01      0.10000000E+01          95          40
         112      0.10000000E+01      0.40702149E+00      0.10000000E+01          40          96
         113      0.10000000E+01      0.10059267E+02      0.10018072E+01          96          71
         114      0.10000000E+01      0.35485773E+00      0.10000000E+01          71          97
         115      0.10000000E+01      0.10799714E+02      0.10016795E+01          97          88
         116      0.10000000E+01      0.94993612E+00      0.10000000E+01          88          11
         117      0.10000000E+01      0.62791255E+01      0.10056077E+01          11          28
         118      0.10000000E+01      0.34725024E+01      0.10000033E+01          28          98
         119      0.10000000E+01      0.66217280E+01      0.10000735E+01          98           2
         120      0.10000000E+01      0.47527471E+01      0.10000003E+01           2          99
         121      0.10000000E+01      0.38405732E+01      0.10120535E+01          99         100
         122      0.10000000E+01      0.17706914E+02      0.10076209E+01         100         101
         123      0.10000000E+01      0.72365877E+00      0.10000000E+01         101         102
         124      0.10000000E+01      0.48833575E+01      0.10016838E+01         102          78
         125      0.10000000E+01      0.22732495E+01      0.10000000E+01          78         103
         126      0.10000000E+01      0.49592386E+01      0.10029209E+01         103          84
         127      0.10000000E+01      0.65598963E+01      0.10001401E+01          84         104
         128      0.10000000E+01      0.73083469E+01      0.10031123E+01         105         106
         129      0.10000000E+01      0.19897425E+02      0.10045996E+01         106         107
         130      0.10000000E+01      0.13676716E+02      0.10029380E+01         107          47
         131      0.10000000E+01      0.15305441E+01      0.10000000E+01          47          64
         132      0.10000000E+01      0.46085001E+01      0.10107006E+01          64          67
         133      0.10000000E+01      0.94532567E+01      0.10063402E+01          67         108
         134      0.10000000E+01      0.58531433E+01      0.10035007E+01         108         109
         135      0.10000000E+01      0.65401452E-02      0.10000000E+01         110          96
         136      0.10000000E+01      0.74217016E+00      0.10000000E+01          96          39
         137      0.10000000E+01      0.70793143E+01      0.10037703E+01          39         111
         138      0.10000000E+01      0.78508900E+01      0.10046320E+01         111          91
         139      0.10000000E+01      0.16029336E+01      0.10000000E+01          91          58
         140      0.10000000E+01      0.79402038E+01      0.10085172E+01          58         112
         141      0.10000000E+01      0.12237728E+01      0.10000000E+01         112         113
         142      0.10000000E+01      0.18737463E+02      0.10096613E+01         113         114
         143      0.10000000E+01      0.62036169E+01      0.10070797E+01         114         106
         144      0.10000000E+01      0.11640161E+01      0.10000000E+01         106         115
         145      0.10000000E+01      0.93662134E+01      0.10000390E+01         116          62
         146      0.10000000E+01      0.39096396E+01      0.10010755E+01          62         117
         147      0.10000000E+01      0.91196572E+00      0.10000000E+01         117         118
         148      0.10000000E+01      0.38604999E+01      0.10023810E+01         118          51
         149      0.10000000E+01      0.20660212E+02      0.10102930E+01          51          68
         150      0.10000000E+01      0.46157882E+01      0.10095203E+01          68         119
         151      0.10000000E+01      0.96895164E+01      0.10052082E+01         119         120
         152      0.10000000E+01      0.19076936E-01      0.10000000E+01         120         121
         153      0.10000000E+01      0.22653048E+02      0.10127342E+01         121         122
         154      0.10000000E+01      0.26624908E+01      0.10000000E+01         122         112
         155      0.10000000E+01      0.70319083E+01      0.10086288E+01         112          92
         156      0.10000000E+01      0.80409456E+01      0.10032289E+01          92          56
         157      0.10000000E+01      0.73598256E+01      0.10047778E+01          56         123
         158      0.10000000E+01      0.22274241E+01      0.10000000E+01         123         124
         159      0.10000000E+01      0.72341127E+01      0.10004052E+01         125         123
         160      0.10000000E+01      0.11598489E+02      0.10150683E+01         123         111
         161      0.10000000E+01      0.58556517E+01      0.10009637E+01         111          38
         162      0.10000000E+01      0.27810951E+01      0.10020599E+01          38          90
         163      0.10000000E+01      0.35939331E+01      0.10111876E+01          90         126
         164      0.10000000E+01      0.15281923E+02      0.10003647E+01         126          69
         165      0.10000000E+01      0.34752067E+01      0.10000709E+01          69         127
         166      0.10000000E+01      0.24673064E+01      0.10000000E+01         127         128
         167      0.10000000E+01      0.45448798E+02      0.10650842E+01         128          53
         168      0.10000000E+01      0.12301768E+01      0.10000000E+01          53          15
         169      0.10000000E+01      0.71784691E+01      0.10031441E+01          15         129
         170      0.10000000E+01      0.15547064E+01      0.10033040E+01         129         130
         171      0.10000000E+01      0.68664292E+01      0.10002183E+01         130          43
         172      0.10000000E+01      0.41378548E+01      0.10141026E+01          43         131
         173      0.10000000E+01      0.43088747E+01      0.10015194E+01         131          31
         174      0.10000000E+01      0.24641804E+01      0.10000000E+01          31         132
         175      0.10000000E+01      0.44243174E+01      0.10019205E+01         132         133
         176      0.10000000E+01      0.37289219E+01      0.10110734E+01         133          18
         177      0.10000000E+01      0.38904555E+01      0.10077577E+01          18         134
         178      0.10000000E+01      0.67138824E+00      0.10000000E+01         134         135
         179      0.10000000E+01      0.45525301E+01      0.10000000E+01         136          74
         180      0.10000000E+01      0.22764270E+02      0.10223593E+01          74           6
         181      0.10000000E+01      0.16012108E+01      0.10000000E+01           6         137
         182      0.10000000E+01      0.44329317E+00      0.10000000E+01         137          76
         183      0.10000000E+01      0.11335808E+02      0.10054735E+01          76         138
         184      0.10000000E+01      0.24458491E+00      0.10000000E+01         138         102
         185      0.10000000E+01      0.72888549E+01      0.10114197E+01         102          22
         186      0.10000000E+01      0.12553863E+02      0.10156929E+01          22          79
         187      0.10000000E+01      0.45503944E+01      0.10005447E+01          79         139
         188      0.10000000E+01      0.97557648E+01      0.10071246E+01         140         141
         189      0.10000000E+01      0.16249489E+01      0.10004545E+01         141          21
         190      0.10000000E+01      0.19892719E+02      0.10085181E+01          21         101
         191      0.10000000E+01      0.88513101E+00      0.10000000E+01         101         138
         192      0.10000000E+01      0.52460581E+01      0.10037654E+01         138          77
         193      0.10000000E+01      0.17171813E+01      0.10000000E+01          77         142
         194      0.10000000E+01      0.55222054E+01      0.10014257E+01         142          83
         195      0.10000000E+01      0.66539135E+01      0.10099001E+01          83         143
         196      0.10000000E+01      0.21627739E+02      0.10248270E+01         144          85
         197      0.10000000E+01      0.52120826E+01      0.10134422E+01          85         103
         198      0.10000000E+01      0.58330333E+00      0.10000000E+01         103         142
         199      0.10000000E+01      0.79953954E+01      0.10161560E+01         142         137
         200      0.10000000E+01      0.83291330E+01      0.10000822E+01         137          75
         201      0.10000000E+01      0.30557111E+02      0.11263003E+01          75         130
         202      0.10000000E+01      0.33939348E+00      0.10000000E+01         130         145
         203      0.10000000E+01      0.18405750E+02      0.10060590E+01         145         146
         204      0.10000000E+01      0.29983586E+02      0.10249701E+01         146         147
         205      0.10000000E+01      0.19481252E+02      0.10113816E+01         147         148
         206      0.10000000E+01      0.38377989E+01      0.10107009E+01         148         120
         207      0.10000000E+01      0.21279600E-01      0.10000000E+01         120         149
         208      0.10000000E+01      0.16087034E+02      0.10040480E+01         149         114
         209      0.10000000E+01      0.45699469E+01      0.10101082E+01         114         150
         210      0.10000000E+01      0.13081582E+02      0.10103035E+01         151         152
         211      0.10000000E+01      0.41547702E+01      0.10116425E+01         152         153
         212      0.10000000E+01      0.18581631E+02      0.10053686E+01         153         147
         213      0.10000000E+01      0.18631979E+02      0.10117783E+01         147         154
         214      0.10000000E+01      0.25167915E+02      0.10032486E+01         154         128
         215      0.10000000E+01      0.32247152E+01      0.10000000E+01         128         155
         216      0.10000000E+01      0.15892168E+02      0.10268877E+01         155          98
         217      0.10000000E+01      0.67534320E+01      0.10055638E+01          98         156
         218      0.10000000E+01      0.14846745E+02      0.10019653E+01         157         158
         219      0.10000000E+01      0.50587348E+01      0.10005517E+01         158         159
         220      0.10000000E+01      0.49466133E+01      0.10004901E+01         159         146
         221      0.10000000E+01      0.38678806E+02      0.10364498E+01         146         154
         222      0.10000000E+01      0.96334746E+01      0.10132610E+01         154         160
         223      0.10000000E+01      0.20316604E+01      0.10004838E+01         160         161
         224      0.10000000E+01      0.16776601E+02      0.10060826E+01         161         122
         225      0.10000000E+01      0.20939014E+01      0.10021130E+01         122         113
         226      0.10000000E+01      0.74104063E+01      0.10083281E+01         113          93
         227      0.10000000E+01      0.20513836E+02      0.10076183E+01          93         162
         228      0.10000000E+01      0.74535192E+00      0.10000000E+01         163         134
         229      0.10000000E+01      0.72279837E+01      0.10108852E+01         134         164
         230      0.10000000E+01      0.27044216E+01      0.10100998E+01         164         165
         231      0.10000000E+01      0.10120173E+01      0.10000000E+01         165         166
         232      0.10000000E+01      0.14611369E+02      0.10024619E+01         166         167
         233      0.10000000E+01      0.21385919E+01      0.10000000E+01         167         168
         234      0.10000000E+01      0.15850432E+00      0.10000000E+01         169         170
         235      0.10000000E+01      0.17610164E+02      0.10022478E+01         170         171
         236      0.10000000E+01      0.15159315E+01      0.10000000E+01         171         118
         237      0.10000000E+01      0.83888825E+01      0.10153985E+01         118         153
         238      0.10000000E+01      0.30961380E+02      0.10057747E+01         153         159
         239      0.10000000E+01      0.23621983E+02      0.10110526E+01         159         132
         240      0.10000000E+01      0.38236747E+01      0.10039941E+01         132         172
         241      0.10000000E+01      0.16936961E+01      0.10000000E+01         172         166
         242      0.10000000E+01      0.52446177E+01      0.10003553E+01         166         173
         243      0.10000000E+01      0.42236683E+01      0.10000107E+01         173         174
         244      0.10000000E+01      0.97628194E+00      0.10000000E+01         174         175
         245      0.10000000E+01      0.22513647E+01      0.10000000E+01         176          80
         246      0.10000000E+01      0.97237884E+01      0.10064920E+01          80         141
         247      0.10000000E+01      0.20130608E+01      0.10000000E+01         141         177
         248      0.10000000E+01      0.20190108E+01      0.10102991E+01         177          99
         249      0.10000000E+01      0.18450718E+02      0.10369854E+01          99         155
         250      0.10000000E+01      0.35000994E+01      0.10000000E+01         155         127
         251      0.10000000E+01      0.24334216E+02      0.10096531E+01         127         160
         252      0.10000000E+01      0.45497462E+01      0.10002785E+01         160         178
         253      0.10000000E+01      0.35932406E+01      0.10134501E+01         178         179
         254      0.10000000E+01      0.64392906E+01      0.10096165E+01         179         148
         255      0.10000000E+01      0.73956854E+01      0.10079032E+01         148         119
         256      0.10000000E+01      0.34585148E+02      0.10188000E+01         119         180
         257      0.10000000E+01      0.79899136E+01      0.10062468E+01         180         170
         258      0.10000000E+01      0.10901510E+00      0.10000000E+01         170         181
         259      0.10000000E+01      0.43142350E+01      0.10000000E+01         182         183
         260      0.10000000E+01      0.23940809E+01      0.10016407E+01         183         184
         261      0.10000000E+01      0.21457750E+01      0.10000000E+01         184         173
         262      0.10000000E+01      0.14701408E+02      0.10026256E+01         173         167
         263      0.10000000E+01      0.50223881E+01      0.10004955E+01         167         185
         264      0.10000000E+01      0.89721399E+00      0.10000000E+01         186         174
         265      0.10000000E+01      0.47579110E+01      0.10013113E+01         174         184
         266      0.10000000E+01      0.23483173E+01      0.10000000E+01         184         187
         267      0.10000000E+01      0.31889839E+01      0.10109548E+01         187         164
         268      0.10000000E+01      0.29977358E+01      0.10000000E+01         164         133
         269      0.10000000E+01      0.24114356E+02      0.10321132E+01         133         158
         270      0.10000000E+01      0.29753410E+02      0.10112228E+01         158         152
         271      0.10000000E+01      0.84746601E+01      0.10017040E+01         152         117
         272      0.10000000E+01      0.16144443E+01      0.10000000E+01         117         171
         273      0.10000000E+01      0.13208605E+02      0.10207754E+01         171         180
         274      0.10000000E+01      0.45214007E+01      0.10006225E+01         180         108
         275      0.10000000E+01      0.73628980E+01      0.10018518E+01         108         188
         276      0.10000000E+01      0.72059441E+01      0.10039317E+01         189         107
         277      0.10000000E+01      0.21295496E+02      0.10179006E+01         107         149
         278      0.10000000E+01      0.19822157E-01      0.10000000E+01         149         121
         279      0.10000000E+01      0.71524590E+01      0.10054864E+01         121         179
         280      0.10000000E+01      0.35932406E+01      0.10000000E+01         179         178
         281      0.10000000E+01      0.48177092E+01      0.10024403E+01         178         161
         282      0.10000000E+01      0.26088724E+02      0.10082240E+01         161         126
         283      0.10000000E+01      0.26664677E+01      0.10000000E+01         126          89
         284      0.10000000E+01      0.95525611E+01      0.10244034E+01          89          97
         285      0.10000000E+01      0.97959811E+00      0.10000000E+01          97         190
         286      0.10000000E+01      0.43162381E+01      0.10000000E+01         191         183
         287      0.10000000E+01      0.27866096E+01      0.10101124E+01         183         187
         288      0.10000000E+01      0.37691886E+01      0.10007071E+01         187         165
         289      0.10000000E+01      0.18485183E+01      0.10000000E+01         165         172
         290      0.10000000E+01      0.91875852E+01      0.10004456E+01         172         131
         291      0.10000000E+01      0.10992118E+02      0.10018260E+01         131         145
         292      0.10000000E+01      0.15136889E+01      0.10000000E+01         145         129
         293      0.10000000E+01      0.57502317E+02      0.10127130E+01         129         100
         294      0.10000000E+01      0.43175044E+01      0.10027378E+01         100         177
         295      0.10000000E+01      0.10320829E+02      0.10034331E+01         177         192
