*Parametros (L, dl, dtheta)
   1.00000000e+00   1.00000000e-01   3.14160000e-01
*Coordenadas
418
     0 1  +1.00000000e+00  +2.84369259e-01
     1 0  +9.24876517e-01  +2.18365756e-01
     2 0  +8.51706706e-01  +1.50202872e-01
     3 0  +7.96004002e-01  +6.71534367e-02
     4 1  +7.65837318e-01  -2.81879037e-02
     5 1  +5.95613310e-01  +0.00000000e+00
     6 0  +5.99615892e-01  +9.99198646e-02
     7 0  +6.04180232e-01  +1.99815644e-01
     8 0  +5.80178817e-01  +2.96892583e-01
     9 0  +5.46315502e-01  +3.90984431e-01
    10 0  +5.25321147e-01  +4.88755782e-01
    11 0  +4.86698443e-01  +5.80996157e-01
    12 0  +4.45370297e-01  +6.72056491e-01
    13 0  +4.18489734e-01  +7.68375935e-01
    14 0  +3.78093424e-01  +8.59853463e-01
    15 0  +3.38330967e-01  +9.51608283e-01
    16 1  +2.83760082e-01  +1.03540577e+00
    17 1  +1.00000000e+00  +6.70742628e-01
    18 0  +9.61237644e-01  +7.62924403e-01
    19 0  +9.44015575e-01  +8.61430242e-01
    20 0  +9.34186692e-01  +9.60946035e-01
    21 1  +9.54266988e-01  +1.05890920e+00
    22 1  +0.00000000e+00  +3.97109090e-01
    23 0  +7.67606557e-02  +4.61201225e-01
    24 0  +1.48920337e-01  +5.30432579e-01
    25 0  +2.37143506e-01  +5.77514130e-01
    26 0  +3.11719713e-01  +6.44135369e-01
    27 0  +3.87779525e-01  +7.09057668e-01
    28 0  +4.53975948e-01  +7.84011210e-01
    29 0  +5.24409310e-01  +8.54998122e-01
    30 0  +5.99046098e-01  +9.21551483e-01
    31 0  +6.73759832e-01  +9.88018451e-01
    32 1  +7.32992595e-01  +1.06858817e+00
    33 1  +0.00000000e+00  +5.54628540e-01
    34 0  +5.34479420e-02  +4.70110392e-01
    35 0  +1.24380470e-01  +3.99622262e-01
    36 0  +2.02677136e-01  +3.37415895e-01
    37 0  +2.78726317e-01  +2.72481142e-01
    38 0  +3.64085059e-01  +2.20386180e-01
    39 0  +4.61348162e-01  +1.97150670e-01
    40 0  +5.60012790e-01  +1.80862910e-01
    41 0  +6.59733019e-01  +1.73387891e-01
    42 0  +7.59235037e-01  +1.63420522e-01
    43 0  +8.57556379e-01  +1.81666445e-01
    44 0  +9.51142955e-01  +2.16902118e-01
    45 1  +1.04901902e+00  +2.37402734e-01
    46 1  +0.00000000e+00  +6.77438849e-02
    47 1  +9.69528750e-03  -3.17850124e-02
    48 1  +9.09688610e-01  +0.00000000e+00
    49 0  +9.94627744e-01  +5.27763542e-02
    50 1  +1.08377838e+00  +9.80771727e-02
    51 1  +1.00000000e+00  +2.58931195e-01
    52 0  +9.08455322e-01  +2.18687290e-01
    53 0  +8.16723567e-01  +1.78871650e-01
    54 0  +7.32077709e-01  +1.25626192e-01
    55 0  +6.49343709e-01  +6.94560474e-02
    56 0  +5.65232240e-01  +1.53703666e-02
    57 1  +4.72247559e-01  -2.14243210e-02
    58 1  +1.00000000e+00  +8.07896069e-01
    59 0  +9.12531222e-01  +8.56364748e-01
    60 0  +8.15691366e-01  +8.81305523e-01
    61 0  +7.16494967e-01  +8.93957578e-01
    62 0  +6.16777606e-01  +8.86444404e-01
    63 0  +5.17856102e-01  +8.71797354e-01
    64 0  +4.23230983e-01  +8.39454087e-01
    65 0  +3.35252714e-01  +7.91916478e-01
    66 0  +2.39429420e-01  +7.63317592e-01
    67 0  +1.46688928e-01  +7.25911695e-01
    68 0  +5.61354212e-02  +6.83484553e-01
    69 1  -4.16231375e-02  +6.62430712e-01
    70 1  +0.00000000e+00  +5.54655131e-01
    71 0  +8.66552232e-02  +5.04746492e-01
    72 0  +1.66101066e-01  +4.44014639e-01
    73 0  +2.49810521e-01  +3.89308815e-01
    74 0  +3.30961694e-01  +3.30875201e-01
    75 0  +4.24083748e-01  +2.94429582e-01
    76 0  +5.23429408e-01  +2.83008565e-01
    77 0  +6.22816485e-01  +2.94063380e-01
    78 0  +7.15873869e-01  +3.30673806e-01
    79 0  +7.97529575e-01  +3.88400279e-01
    80 0  +8.86671359e-01  +4.33718513e-01
    81 0  +9.58935204e-01  +5.02841134e-01
    82 1  +1.01325839e+00  +5.86799408e-01
    83 1  +8.49918792e-01  +1.00000000e+00
    84 0  +8.19722843e-01  +9.04667924e-01
    85 0  +7.76559015e-01  +8.14463246e-01
    86 0  +7.24514802e-01  +7.29073552e-01
    87 0  +6.69073235e-01  +6.45849561e-01
    88 0  +6.03714020e-01  +5.70164867e-01
    89 0  +5.20831470e-01  +5.14214148e-01
    90 0  +4.29058127e-01  +4.74494460e-01
    91 0  +3.35657467e-01  +4.38768885e-01
    92 0  +2.38140458e-01  +4.16623167e-01
    93 0  +1.42999445e-01  +3.85830510e-01
    94 0  +6.14729639e-02  +3.27921678e-01
    95 1  -3.37424878e-02  +2.97359974e-01
    96 1  +1.27741159e-01  +0.00000000e+00
    97 0  +1.33213034e-01  +9.98501807e-02
    98 0  +1.64360950e-01  +1.94875479e-01
    99 0  +1.70767058e-01  +2.94670077e-01
   100 0  +1.56316069e-01  +3.93620413e-01
   101 0  +1.19443077e-01  +4.86574070e-01
   102 0  +8.07144054e-02  +5.78770003e-01
   103 0  +4.79115760e-02  +6.73236792e-01
   104 0  +1.57535696e-02  +7.67925032e-01
   105 1  -1.42713922e-02  +8.63311098e-01
   106 1  +0.00000000e+00  +3.90265633e-01
   107 0  +1.70682214e-02  +2.91733020e-01
   108 0  +2.46409381e-02  +1.92020163e-01
   109 0  +1.27110460e-02  +9.27343243e-02
   110 1  -2.53318766e-03  -6.09691236e-03
   111 1  +0.00000000e+00  +1.54042787e-01
   112 0  +2.45860259e-02  +2.50973316e-01
   113 0  +2.59428891e-02  +3.50964110e-01
   114 0  +3.76643245e-02  +4.50274774e-01
   115 0  +1.83406428e-02  +5.48389988e-01
   116 0  +1.26168376e-02  +6.48226044e-01
   117 1  -2.60532436e-03  +7.47060683e-01
   118 1  +7.43517492e-01  +0.00000000e+00
   119 0  +8.31657567e-01  +4.72369265e-02
   120 0  +9.21222359e-01  +9.17133018e-02
   121 1  +1.01414801e+00  +1.28656825e-01
   122 1  +9.54526269e-01  +0.00000000e+00
   123 1  +1.04898887e+00  +3.28148991e-02
   124 1  +7.44503424e-01  +0.00000000e+00
   125 0  +7.03799903e-01  +9.13412466e-02
   126 0  +6.41620057e-01  +1.69658976e-01
   127 0  +5.73727621e-01  +2.43079799e-01
   128 0  +5.02189537e-01  +3.12953274e-01
   129 0  +4.46303168e-01  +3.95879227e-01
   130 0  +4.04597492e-01  +4.86767272e-01
   131 0  +3.87731881e-01  +5.85334767e-01
   132 0  +3.71302013e-01  +6.83975831e-01
   133 0  +3.59351927e-01  +7.83259240e-01
   134 0  +3.72609359e-01  +8.82376547e-01
   135 0  +3.69291245e-01  +9.82321482e-01
   136 1  +3.75428120e-01  +1.08213300e+00
   137 1  +0.00000000e+00  +7.28311762e-01
   138 0  +1.74811100e-02  +8.26771961e-01
   139 0  +1.27869556e-02  +9.26661725e-01
   140 1  -1.86711433e-02  +1.02158479e+00
   141 1  +3.78002023e-01  +1.00000000e+00
   142 0  +4.73307800e-01  +9.69721147e-01
   143 0  +5.70101529e-01  +9.44601952e-01
   144 0  +6.70056461e-01  +9.41600022e-01
   145 0  +7.69210672e-01  +9.54578558e-01
   146 0  +8.62905831e-01  +9.89524476e-01
   147 1  +9.41726927e-01  +1.05106499e+00
   148 1  +1.00000000e+00  +8.79856863e-01
   149 0  +9.75501688e-01  +9.76809598e-01
   150 1  +9.64727820e-01  +1.07622752e+00
   151 1  +3.10531929e-01  +0.00000000e+00
   152 0  +2.89652957e-01  +9.77960557e-02
   153 0  +2.96093877e-01  +1.97588413e-01
   154 0  +3.23322290e-01  +2.93810102e-01
   155 0  +3.76986754e-01  +3.78190937e-01
   156 0  +4.44532983e-01  +4.51930390e-01
   157 0  +5.28488298e-01  +5.06258147e-01
   158 0  +6.13330390e-01  +5.59190361e-01
   159 0  +6.80495891e-01  +6.33276767e-01
   160 0  +7.32226274e-01  +7.18856949e-01
   161 0  +8.06133796e-01  +7.86219239e-01
   162 0  +8.59589004e-01  +8.70732793e-01
   163 0  +9.00397798e-01  +9.62027055e-01
   164 1  +9.63344067e-01  +1.03973013e+00
   165 1  +1.49832361e-01  +1.00000000e+00
   166 0  +2.23786972e-01  +9.32689410e-01
   167 0  +3.07410867e-01  +8.77852887e-01
   168 0  +3.83769149e-01  +8.13281898e-01
   169 0  +4.50197846e-01  +7.38534134e-01
   170 0  +5.26574771e-01  +6.73985196e-01
   171 0  +6.10295119e-01  +6.19296044e-01
   172 0  +6.86300556e-01  +5.54310095e-01
   173 0  +7.68578700e-01  +4.97474306e-01
   174 0  +8.33113535e-01  +4.21085465e-01
   175 0  +9.04332059e-01  +3.50886306e-01
   176 0  +9.83107516e-01  +2.89287382e-01
   177 1  +1.07117569e+00  +2.41916548e-01
   178 1  +0.00000000e+00  +2.20793693e-01
   179 0  +2.52650210e-02  +1.24037925e-01
   180 0  +5.64879428e-02  +2.90372450e-02
   181 1  +1.12825169e-01  -5.35830733e-02
   182 1  +0.00000000e+00  +1.66616322e-01
   183 0  +9.43276853e-02  +1.99817041e-01
   184 0  +1.77856691e-01  +2.54797994e-01
   185 0  +2.69817742e-01  +2.94081135e-01
   186 0  +3.46997028e-01  +3.57668538e-01
   187 0  +4.30040258e-01  +4.13380493e-01
   188 0  +4.93042413e-01  +4.91038258e-01
   189 0  +5.30657762e-01  +5.83693995e-01
   190 0  +5.92257950e-01  +6.62468463e-01
   191 0  +6.41877068e-01  +7.49289792e-01
   192 0  +7.09638779e-01  +8.22831279e-01
   193 0  +7.54505719e-01  +9.12201060e-01
   194 1  +7.78573904e-01  +1.00926147e+00
   195 1  +4.13216141e-01  +0.00000000e+00
   196 0  +3.35726666e-01  +6.32090274e-02
   197 0  +2.62868868e-01  +1.31705314e-01
   198 0  +1.74809774e-01  +1.79093035e-01
   199 0  +8.59141577e-02  +2.24892263e-01
   200 0  +1.40420287e-02  +2.94422092e-01
   201 1  -6.99797801e-02  +3.48646954e-01
   202 1  +7.83165255e-01  +0.00000000e+00
   203 0  +6.87782554e-01  +3.00356531e-02
   204 0  +6.01970971e-01  +8.13812681e-02
   205 0  +5.10362500e-01  +1.21479747e-01
   206 0  +4.17319004e-01  +1.58125454e-01
   207 0  +3.23199245e-01  +1.91911118e-01
   208 0  +2.24956596e-01  +2.10576107e-01
   209 0  +1.31701707e-01  +2.46680479e-01
   210 0  +5.15441595e-02  +3.06469839e-01
   211 1  -3.77287136e-02  +3.51529290e-01
   212 1  +4.41385443e-01  +0.00000000e+00
   213 0  +3.47205872e-01  +3.36185725e-02
   214 0  +2.47414005e-01  +4.00670721e-02
   215 0  +1.52067319e-01  +7.02168573e-02
   216 0  +5.56672184e-02  +9.68067163e-02
   217 1  -4.43273244e-02  +9.57620165e-02
   218 1  +6.51399735e-01  +0.00000000e+00
   219 0  +7.40440384e-01  +4.55166213e-02
   220 0  +8.23405826e-01  +1.01344351e-01
   221 0  +8.93702074e-01  +1.72467044e-01
   222 0  +9.61649861e-01  +2.45836644e-01
   223 1  +1.03482775e+00  +3.13990857e-01
   224 1  +4.95158996e-01  +0.00000000e+00
   225 0  +5.16266276e-01  +9.77470343e-02
   226 0  +5.07618713e-01  +1.97372431e-01
   227 0  +4.82797022e-01  +2.94242879e-01
   228 0  +4.37103173e-01  +3.83192708e-01
   229 0  +4.00668508e-01  +4.76319048e-01
   230 0  +3.38438538e-01  +5.54596956e-01
   231 0  +2.69175104e-01  +6.26725846e-01
   232 0  +2.08917530e-01  +7.06532015e-01
   233 0  +1.47019418e-01  +7.85072602e-01
   234 0  +9.28294233e-02  +8.69116902e-01
   235 0  +3.00011955e-02  +9.46915449e-01
   236 1  -3.75870260e-02  +1.02061641e+00
   237 1  +1.00000000e+00  +2.92851196e-01
   238 0  +9.98829415e-01  +1.92858048e-01
   239 0  +9.87500684e-01  +9.35018207e-02
   240 1  +9.68771176e-01  -4.72854899e-03
   241 1  +0.00000000e+00  +6.71304544e-01
   242 0  +5.86314743e-02  +5.90296210e-01
   243 0  +1.06525029e-01  +5.02511202e-01
   244 0  +1.31667745e-01  +4.05723580e-01
   245 0  +1.38444767e-01  +3.05953485e-01
   246 0  +1.71446922e-01  +2.11556145e-01
   247 0  +2.26900557e-01  +1.28340195e-01
   248 0  +2.75583747e-01  +4.09906267e-02
   249 1  +3.45627427e-01  -3.03808161e-02
   250 1  +0.00000000e+00  +2.57942099e-01
   251 0  +7.21707695e-02  +1.88722304e-01
   252 0  +1.61311339e-01  +1.43401681e-01
   253 0  +2.56366554e-01  +1.12345183e-01
   254 0  +3.46244134e-01  +6.85043274e-02
   255 0  +4.44141736e-01  +4.81067922e-02
   256 0  +5.35348811e-01  +7.10350497e-03
   257 1  +6.34574877e-01  -5.31373505e-03
   258 1  +0.00000000e+00  +6.63623185e-01
   259 0  +2.73259747e-02  +7.59817214e-01
   260 0  +4.67614265e-02  +8.57910349e-01
   261 0  +4.95874194e-02  +9.57870410e-01
   262 1  +2.66355875e-02  +1.05520084e+00
   263 1  +0.00000000e+00  +1.86466702e-01
   264 0  +9.30002640e-02  +1.49711418e-01
   265 0  +1.90620850e-01  +1.28026835e-01
   266 0  +2.89806410e-01  +1.15290088e-01
   267 0  +3.89646643e-01  +1.09639606e-01
   268 0  +4.88712694e-01  +9.60044496e-02
   269 0  +5.87508520e-01  +1.11476511e-01
   270 0  +6.87492774e-01  +1.09701958e-01
   271 0  +7.86248448e-01  +1.25428270e-01
   272 0  +8.86008375e-01  +1.18503169e-01
   273 0  +9.85806580e-01  +1.24852832e-01
   274 1  +1.07881000e+00  +1.61600136e-01
   275 1  +0.00000000e+00  +3.22318177e-01
   276 0  +6.42743478e-02  +2.45710030e-01
   277 0  +1.11008479e-01  +1.57302332e-01
   278 0  +1.70569851e-01  +7.69752319e-02
   279 1  +2.12805447e-01  -1.36677735e-02
   280 1  +4.16722081e-01  +0.00000000e+00
   281 0  +3.22769385e-01  +3.42474938e-02
   282 0  +2.23310576e-01  +4.46371693e-02
   283 0  +1.26843138e-01  +7.09816834e-02
   284 0  +2.68595336e-02  +6.91709341e-02
   285 1  -6.91927039e-02  +9.69912086e-02
   286 1  +0.00000000e+00  +3.17482662e-01
   287 0  +5.51356830e-02  +4.00909615e-01
   288 0  +1.14104364e-01  +4.81672816e-01
   289 0  +1.90759039e-01  +5.45891666e-01
   290 0  +2.74506287e-01  +6.00539617e-01
   291 0  +3.70154912e-01  +6.29717357e-01
   292 0  +4.52618836e-01  +6.86283259e-01
   293 0  +5.23061246e-01  +7.57261191e-01
   294 0  +5.73788736e-01  +8.43439621e-01
   295 0  +6.45890767e-01  +9.12731014e-01
   296 0  +7.06526725e-01  +9.92250072e-01
   297 1  +7.74224730e-01  +1.06585021e+00
   298 1  +0.00000000e+00  +7.62917464e-01
   299 0  +9.87552506e-02  +7.78646433e-01
   300 0  +1.97983353e-01  +7.91047386e-01
   301 0  +2.95621320e-01  +8.12653578e-01
   302 0  +3.95604067e-01  +8.10796105e-01
   303 0  +4.95419009e-01  +8.04715203e-01
   304 0  +5.88769732e-01  +7.68859345e-01
   305 0  +6.75346239e-01  +7.18814280e-01
   306 0  +7.57405399e-01  +6.61662778e-01
   307 0  +8.33766229e-01  +5.97094801e-01
   308 0  +9.17183832e-01  +5.41944973e-01
   309 1  +1.01304369e+00  +5.13468897e-01
   310 1  +0.00000000e+00  +4.32239870e-01
   311 0  +5.28819431e-02  +3.47366434e-01
   312 0  +8.09721738e-02  +2.51392797e-01
   313 0  +1.16245970e-01  +1.57820583e-01
   314 0  +1.59772896e-01  +6.77905507e-02
   315 1  +2.19761012e-01  -1.22183610e-02
   316 1  +0.00000000e+00  +2.89683350e-01
   317 0  +2.47650940e-02  +1.92798417e-01
   318 0  +6.05941722e-02  +9.94374130e-02
   319 0  +9.98996244e-02  +7.48589630e-03
   320 1  +1.22815820e-01  -8.98529344e-02
   321 1  +1.00000000e+00  +1.70808192e-03
   322 1  +9.78780662e-01  -9.60146877e-02
   323 1  +1.00000000e+00  +3.77785403e-01
   324 0  +9.00280575e-01  +3.70299661e-01
   325 0  +8.02135977e-01  +3.89473544e-01
   326 0  +7.02588759e-01  +3.79968203e-01
   327 0  +6.02932696e-01  +3.71681527e-01
   328 0  +5.03668352e-01  +3.59574092e-01
   329 0  +4.07176308e-01  +3.33319843e-01
   330 0  +3.09799715e-01  +3.10564646e-01
   331 0  +2.09944388e-01  +3.05187505e-01
   332 0  +1.15113782e-01  +2.73451779e-01
   333 0  +2.16893245e-02  +2.37788483e-01
   334 1  -7.81296145e-02  +2.31773549e-01
   335 1  +8.60403783e-01  +1.00000000e+00
   336 0  +8.01172301e-01  +9.19429338e-01
   337 0  +7.35823070e-01  +8.43736022e-01
   338 0  +6.65739630e-01  +7.72403621e-01
   339 0  +6.00044195e-01  +6.97010586e-01
   340 0  +5.16028152e-01  +6.42776791e-01
   341 0  +4.24385388e-01  +6.02756748e-01
   342 0  +3.36701064e-01  +5.54679109e-01
   343 0  +2.41419855e-01  +5.24323036e-01
   344 0  +1.51864201e-01  +4.79828263e-01
   345 0  +5.90176853e-02  +4.42686312e-01
   346 1  -4.00184847e-02  +4.28835788e-01
   347 1  +3.38767387e-02  +1.00000000e+00
   348 0  +2.49369782e-02  +9.00400398e-01
   349 0  +2.44275710e-02  +8.00401696e-01
   350 0  +1.72014490e-02  +7.00663122e-01
   351 0  +3.33788607e-02  +6.01980340e-01
   352 0  +7.59520958e-02  +5.11495426e-01
   353 0  +1.01592912e-01  +4.14838566e-01
   354 0  +1.45837108e-01  +3.25158852e-01
   355 0  +1.64166521e-01  +2.26853041e-01
   356 0  +1.97255729e-01  +1.32486181e-01
   357 0  +2.39322192e-01  +4.17645586e-02
   358 1  +3.01538565e-01  -3.65241572e-02
   359 1  +0.00000000e+00  +8.23823373e-01
   360 0  +9.99221578e-02  +8.19878454e-01
   361 0  +1.99678845e-01  +8.12906838e-01
   362 0  +2.99475020e-01  +8.06525344e-01
   363 0  +3.99156382e-01  +8.14501930e-01
   364 0  +4.98611395e-01  +8.24927884e-01
   365 0  +5.95408421e-01  +8.50034372e-01
   366 0  +6.87161035e-01  +8.89801919e-01
   367 0  +7.84013058e-01  +9.14695406e-01
   368 0  +8.83349331e-01  +9.26197785e-01
   369 0  +9.83310846e-01  +9.28971880e-01
   370 1  +1.08079722e+00  +9.06691693e-01
   371 1  +0.00000000e+00  +2.52312703e-02
   372 0  +5.32704741e-02  +1.09861387e-01
   373 0  +1.22636677e-01  +1.81891449e-01
   374 0  +1.84697688e-01  +2.60303380e-01
   375 0  +2.65990521e-01  +3.18539755e-01
   376 0  +3.60459025e-01  +3.51337646e-01
   377 0  +4.59543815e-01  +3.64835958e-01
   378 0  +5.55054857e-01  +3.94460963e-01
   379 0  +6.53984923e-01  +4.09050072e-01
   380 0  +7.53634453e-01  +4.00685194e-01
   381 0  +8.52278775e-01  +3.84274906e-01
   382 0  +9.52255885e-01  +3.86414433e-01
   383 1  +1.05080402e+00  +3.69436087e-01
   384 1  +0.00000000e+00  +1.43969005e-01
   385 0  +8.13115743e-02  +2.02179210e-01
   386 0  +1.61882009e-01  +2.61411001e-01
   387 0  +2.28962155e-01  +3.35574698e-01
   388 0  +3.12847917e-01  +3.90009787e-01
   389 0  +3.86060114e-01  +4.58127143e-01
   390 0  +4.63753740e-01  +5.21085070e-01
   391 0  +5.52060917e-01  +5.68008864e-01
   392 0  +6.47963114e-01  +5.96342035e-01
   393 0  +7.46687891e-01  +6.12261160e-01
   394 0  +8.46341541e-01  +6.03945512e-01
   395 0  +9.42653737e-01  +5.77038991e-01
   396 1  +1.03734388e+00  +5.44886583e-01
   397 1  +3.55434992e-01  +1.00000000e+00
   398 0  +3.26319341e-01  +9.04332457e-01
   399 0  +2.80070686e-01  +8.15669827e-01
   400 0  +2.46618411e-01  +7.21431060e-01
   401 0  +2.25426745e-01  +6.23702286e-01
   402 0  +2.16519270e-01  +5.24099791e-01
   403 0  +2.03747429e-01  +4.24918744e-01
   404 0  +2.03649827e-01  +3.24918792e-01
   405 0  +1.96615814e-01  +2.25166485e-01
   406 0  +1.63468904e-01  +1.30819878e-01
   407 0  +1.10239057e-01  +4.61642024e-02
   408 1  +6.95431351e-02  -4.51804306e-02
   409 1  +1.18606235e-01  +1.00000000e+00
   410 0  +4.03311361e-02  +9.37766497e-01
   411 1  -3.42240363e-02  +8.71121720e-01
   412 1  +5.53218703e-01  +0.00000000e+00
   413 0  +6.34225140e-01  +5.86340955e-02
   414 0  +7.26651596e-01  +9.68093531e-02
   415 0  +8.24015600e-01  +1.19618357e-01
   416 0  +9.23711517e-01  +1.11825781e-01
   417 1  +1.02249120e+00  +1.27400598e-01
*Segmentos
368
     0     0     1
     1     1     2
     2     2     3
     3     3     4
     4     5     6
     5     6     7
     6     7     8
     7     8     9
     8     9    10
     9    10    11
    10    11    12
    11    12    13
    12    13    14
    13    14    15
    14    15    16
    15    17    18
    16    18    19
    17    19    20
    18    20    21
    19    22    23
    20    23    24
    21    24    25
    22    25    26
    23    26    27
    24    27    28
    25    28    29
    26    29    30
    27    30    31
    28    31    32
    29    33    34
    30    34    35
    31    35    36
    32    36    37
    33    37    38
    34    38    39
    35    39    40
    36    40    41
    37    41    42
    38    42    43
    39    43    44
    40    44    45
    41    46    47
    42    48    49
    43    49    50
    44    51    52
    45    52    53
    46    53    54
    47    54    55
    48    55    56
    49    56    57
    50    58    59
    51    59    60
    52    60    61
    53    61    62
    54    62    63
    55    63    64
    56    64    65
    57    65    66
    58    66    67
    59    67    68
    60    68    69
    61    70    71
    62    71    72
    63    72    73
    64    73    74
    65    74    75
    66    75    76
    67    76    77
    68    77    78
    69    78    79
    70    79    80
    71    80    81
    72    81    82
    73    83    84
    74    84    85
    75    85    86
    76    86    87
    77    87    88
    78    88    89
    79    89    90
    80    90    91
    81    91    92
    82    92    93
    83    93    94
    84    94    95
    85    96    97
    86    97    98
    87    98    99
    88    99   100
    89   100   101
    90   101   102
    91   102   103
    92   103   104
    93   104   105
    94   106   107
    95   107   108
    96   108   109
    97   109   110
    98   111   112
    99   112   113
   100   113   114
   101   114   115
   102   115   116
   103   116   117
   104   118   119
   105   119   120
   106   120   121
   107   122   123
   108   124   125
   109   125   126
   110   126   127
   111   127   128
   112   128   129
   113   129   130
   114   130   131
   115   131   132
   116   132   133
   117   133   134
   118   134   135
   119   135   136
   120   137   138
   121   138   139
   122   139   140
   123   141   142
   124   142   143
   125   143   144
   126   144   145
   127   145   146
   128   146   147
   129   148   149
   130   149   150
   131   151   152
   132   152   153
   133   153   154
   134   154   155
   135   155   156
   136   156   157
   137   157   158
   138   158   159
   139   159   160
   140   160   161
   141   161   162
   142   162   163
   143   163   164
   144   165   166
   145   166   167
   146   167   168
   147   168   169
   148   169   170
   149   170   171
   150   171   172
   151   172   173
   152   173   174
   153   174   175
   154   175   176
   155   176   177
   156   178   179
   157   179   180
   158   180   181
   159   182   183
   160   183   184
   161   184   185
   162   185   186
   163   186   187
   164   187   188
   165   188   189
   166   189   190
   167   190   191
   168   191   192
   169   192   193
   170   193   194
   171   195   196
   172   196   197
   173   197   198
   174   198   199
   175   199   200
   176   200   201
   177   202   203
   178   203   204
   179   204   205
   180   205   206
   181   206   207
   182   207   208
   183   208   209
   184   209   210
   185   210   211
   186   212   213
   187   213   214
   188   214   215
   189   215   216
   190   216   217
   191   218   219
   192   219   220
   193   220   221
   194   221   222
   195   222   223
   196   224   225
   197   225   226
   198   226   227
   199   227   228
   200   228   229
   201   229   230
   202   230   231
   203   231   232
   204   232   233
   205   233   234
   206   234   235
   207   235   236
   208   237   238
   209   238   239
   210   239   240
   211   241   242
   212   242   243
   213   243   244
   214   244   245
   215   245   246
   216   246   247
   217   247   248
   218   248   249
   219   250   251
   220   251   252
   221   252   253
   222   253   254
   223   254   255
   224   255   256
   225   256   257
   226   258   259
   227   259   260
   228   260   261
   229   261   262
   230   263   264
   231   264   265
   232   265   266
   233   266   267
   234   267   268
   235   268   269
   236   269   270
   237   270   271
   238   271   272
   239   272   273
   240   273   274
   241   275   276
   242   276   277
   243   277   278
   244   278   279
   245   280   281
   246   281   282
   247   282   283
   248   283   284
   249   284   285
   250   286   287
   251   287   288
   252   288   289
   253   289   290
   254   290   291
   255   291   292
   256   292   293
   257   293   294
   258   294   295
   259   295   296
   260   296   297
   261   298   299
   262   299   300
   263   300   301
   264   301   302
   265   302   303
   266   303   304
   267   304   305
   268   305   306
   269   306   307
   270   307   308
   271   308   309
   272   310   311
   273   311   312
   274   312   313
   275   313   314
   276   314   315
   277   316   317
   278   317   318
   279   318   319
   280   319   320
   281   321   322
   282   323   324
   283   324   325
   284   325   326
   285   326   327
   286   327   328
   287   328   329
   288   329   330
   289   330   331
   290   331   332
   291   332   333
   292   333   334
   293   335   336
   294   336   337
   295   337   338
   296   338   339
   297   339   340
   298   340   341
   299   341   342
   300   342   343
   301   343   344
   302   344   345
   303   345   346
   304   347   348
   305   348   349
   306   349   350
   307   350   351
   308   351   352
   309   352   353
   310   353   354
   311   354   355
   312   355   356
   313   356   357
   314   357   358
   315   359   360
   316   360   361
   317   361   362
   318   362   363
   319   363   364
   320   364   365
   321   365   366
   322   366   367
   323   367   368
   324   368   369
   325   369   370
   326   371   372
   327   372   373
   328   373   374
   329   374   375
   330   375   376
   331   376   377
   332   377   378
   333   378   379
   334   379   380
   335   380   381
   336   381   382
   337   382   383
   338   384   385
   339   385   386
   340   386   387
   341   387   388
   342   388   389
   343   389   390
   344   390   391
   345   391   392
   346   392   393
   347   393   394
   348   394   395
   349   395   396
   350   397   398
   351   398   399
   352   399   400
   353   400   401
   354   401   402
   355   402   403
   356   403   404
   357   404   405
   358   405   406
   359   406   407
   360   407   408
   361   409   410
   362   410   411
   363   412   413
   364   413   414
   365   414   415
   366   415   416
   367   416   417
*Fibras
50
     0     0     1     2     3
     1     4     5     6     7     8     9    10    11    12    13    14
     2    15    16    17    18
     3    19    20    21    22    23    24    25    26    27    28
     4    29    30    31    32    33    34    35    36    37    38    39    40
     5    41
     6    42    43
     7    44    45    46    47    48    49
     8    50    51    52    53    54    55    56    57    58    59    60
     9    61    62    63    64    65    66    67    68    69    70    71    72
    10    73    74    75    76    77    78    79    80    81    82    83    84
    11    85    86    87    88    89    90    91    92    93
    12    94    95    96    97
    13    98    99   100   101   102   103
    14   104   105   106
    15   107
    16   108   109   110   111   112   113   114   115   116   117   118   119
    17   120   121   122
    18   123   124   125   126   127   128
    19   129   130
    20   131   132   133   134   135   136   137   138   139   140   141   142   143
    21   144   145   146   147   148   149   150   151   152   153   154   155
    22   156   157   158
    23   159   160   161   162   163   164   165   166   167   168   169   170
    24   171   172   173   174   175   176
    25   177   178   179   180   181   182   183   184   185
    26   186   187   188   189   190
    27   191   192   193   194   195
    28   196   197   198   199   200   201   202   203   204   205   206   207
    29   208   209   210
    30   211   212   213   214   215   216   217   218
    31   219   220   221   222   223   224   225
    32   226   227   228   229
    33   230   231   232   233   234   235   236   237   238   239   240
    34   241   242   243   244
    35   245   246   247   248   249
    36   250   251   252   253   254   255   256   257   258   259   260
    37   261   262   263   264   265   266   267   268   269   270   271
    38   272   273   274   275   276
    39   277   278   279   280
    40   281
    41   282   283   284   285   286   287   288   289   290   291   292
    42   293   294   295   296   297   298   299   300   301   302   303
    43   304   305   306   307   308   309   310   311   312   313   314
    44   315   316   317   318   319   320   321   322   323   324   325
    45   326   327   328   329   330   331   332   333   334   335   336   337
    46   338   339   340   341   342   343   344   345   346   347   348   349
    47   350   351   352   353   354   355   356   357   358   359   360
    48   361   362
    49   363   364   365   366   367
