*Parametros (L) 
   1.00000000e+00
*Coordenadas 
295
     0 1  +9.59057563e-01  +0.00000000e+00
     1 0  +9.63310234e-01  +4.98188196e-02
     2 0  +9.79114743e-01  +9.72552770e-02
     3 1  +1.00000000e+00  +1.28891537e-01
     4 1  +1.00000000e+00  +1.87534070e-01
     5 0  +9.91282710e-01  +2.36768294e-01
     6 0  +9.89749963e-01  +2.86744795e-01
     7 0  +9.86194823e-01  +3.36618245e-01
     8 0  +9.84056148e-01  +3.86572485e-01
     9 0  +9.87392377e-01  +4.36461056e-01
    10 0  +9.89440900e-01  +4.86419074e-01
    11 1  +1.00000000e+00  +5.21928953e-01
    12 1  +1.00000000e+00  +4.02228669e-01
    13 0  +9.50553298e-01  +3.94810878e-01
    14 0  +9.01099842e-01  +3.87438246e-01
    15 0  +8.51183524e-01  +3.90329823e-01
    16 0  +8.01460952e-01  +3.85069990e-01
    17 0  +7.52538519e-01  +3.74745478e-01
    18 0  +7.02769177e-01  +3.79542619e-01
    19 0  +6.53537794e-01  +3.70809295e-01
    20 0  +6.06182892e-01  +3.54762076e-01
    21 0  +5.59685620e-01  +3.36377198e-01
    22 0  +5.09810004e-01  +3.32852578e-01
    23 0  +4.62262628e-01  +3.17384967e-01
    24 0  +4.14566080e-01  +3.02383657e-01
    25 0  +3.65820045e-01  +2.91256030e-01
    26 0  +3.15911345e-01  +2.94276235e-01
    27 0  +2.65967865e-01  +2.91899513e-01
    28 0  +2.16249708e-01  +2.97200917e-01
    29 0  +1.67103050e-01  +3.06399069e-01
    30 0  +1.17131865e-01  +3.08096319e-01
    31 0  +6.71382354e-02  +3.08894460e-01
    32 0  +1.71382515e-02  +3.08854430e-01
    33 1  -1.59594560e-16  +3.05549495e-01
    34 1  +8.12112856e-01  +0.00000000e+00
    35 0  +7.62852873e-01  +8.57053319e-03
    36 0  +7.13023062e-01  +4.44864455e-03
    37 0  +6.63076486e-01  +2.13790282e-03
    38 0  +6.14066986e-01  +1.20408814e-02
    39 0  +5.67317093e-01  +2.97735484e-02
    40 0  +5.20605726e-01  +4.76074525e-02
    41 0  +4.73312523e-01  +6.38356071e-02
    42 0  +4.23577296e-01  +6.89743987e-02
    43 0  +3.73581266e-01  +6.96044376e-02
    44 0  +3.23603513e-01  +6.81130330e-02
    45 0  +2.75944541e-01  +5.29927704e-02
    46 0  +2.33522872e-01  +2.65276604e-02
    47 0  +1.87785629e-01  +6.32606293e-03
    48 1  +1.75056949e-01  -4.59701721e-17
    49 1  +0.00000000e+00  +5.31730558e-01
    50 0  +3.64087873e-02  +4.97461035e-01
    51 0  +7.50971041e-02  +4.65787479e-01
    52 0  +1.10380463e-01  +4.30360307e-01
    53 0  +1.36803224e-01  +3.87912248e-01
    54 0  +1.63077634e-01  +3.45372203e-01
    55 0  +1.92710767e-01  +3.05099664e-01
    56 0  +2.31293174e-01  +2.73297181e-01
    57 0  +2.61301343e-01  +2.33303310e-01
    58 0  +2.97801427e-01  +1.99131042e-01
    59 0  +3.33290075e-01  +1.63909517e-01
    60 0  +3.70415685e-01  +1.30417889e-01
    61 0  +4.04725547e-01  +9.40471128e-02
    62 0  +4.36598728e-01  +5.55230905e-02
    63 0  +4.59478390e-01  +1.10650079e-02
    64 1  +4.61839495e-01  -1.11022302e-16
    65 1  +4.38220961e-01  +1.00000000e+00
    66 0  +4.70468528e-01  +9.61788818e-01
    67 0  +4.97636891e-01  +9.19814063e-01
    68 0  +5.35864451e-01  +8.87585913e-01
    69 0  +5.75149015e-01  +8.56654974e-01
    70 0  +6.17760950e-01  +8.30497318e-01
    71 0  +6.51392982e-01  +7.93498852e-01
    72 0  +6.85682695e-01  +7.57109079e-01
    73 0  +7.28741751e-01  +7.31694169e-01
    74 0  +7.71959163e-01  +7.06549481e-01
    75 0  +8.07750958e-01  +6.71636054e-01
    76 0  +8.47443189e-01  +6.41230020e-01
    77 0  +8.78443326e-01  +6.02000039e-01
    78 0  +9.11381535e-01  +5.64382564e-01
    79 0  +9.50224514e-01  +5.32898870e-01
    80 0  +9.92480781e-01  +5.06170460e-01
    81 1  +1.00000000e+00  +5.03219650e-01
    82 1  +9.13459086e-01  +1.00000000e+00
    83 0  +9.01252131e-01  +9.51512989e-01
    84 0  +8.75463794e-01  +9.08676536e-01
    85 0  +8.62549458e-01  +8.60373121e-01
    86 0  +8.61658282e-01  +8.10381063e-01
    87 0  +8.53118301e-01  +7.61115774e-01
    88 0  +8.41088418e-01  +7.12584527e-01
    89 0  +8.30448189e-01  +6.63729788e-01
    90 0  +8.29630777e-01  +6.13736470e-01
    91 0  +8.42937695e-01  +5.65539729e-01
    92 0  +8.65219843e-01  +5.20779189e-01
    93 0  +8.85883672e-01  +4.75248912e-01
    94 0  +9.11140147e-01  +4.32096734e-01
    95 0  +9.29282021e-01  +3.85504112e-01
    96 0  +9.36618672e-01  +3.36045305e-01
    97 0  +9.29185735e-01  +2.86600877e-01
    98 0  +9.32034758e-01  +2.36682113e-01
    99 0  +9.36883658e-01  +1.86917786e-01
   100 0  +9.31083470e-01  +1.37255348e-01
   101 0  +9.19636266e-01  +8.85833689e-02
   102 0  +8.94860703e-01  +4.51532934e-02
   103 0  +8.67781718e-01  +3.12082291e-03
   104 1  +8.66681976e-01  -2.77122075e-16
   105 1  +0.00000000e+00  +9.64981336e-01
   106 0  +1.10982020e-02  +9.16228593e-01
   107 0  +3.06387203e-02  +8.70205033e-01
   108 0  +4.51991255e-02  +8.22372046e-01
   109 0  +6.65271976e-02  +7.77149117e-01
   110 0  +8.97693837e-02  +7.32879479e-01
   111 0  +1.14174384e-01  +6.89240094e-01
   112 0  +1.42846925e-01  +6.48278095e-01
   113 0  +1.69190373e-01  +6.05780769e-01
   114 0  +2.04908615e-01  +5.70792096e-01
   115 0  +2.48291669e-01  +5.45934288e-01
   116 0  +2.94208848e-01  +5.26145082e-01
   117 0  +3.33163909e-01  +4.94800174e-01
   118 0  +3.65806808e-01  +4.56926158e-01
   119 0  +3.93225330e-01  +4.15114381e-01
   120 0  +4.30780037e-01  +3.82104626e-01
   121 0  +4.67693772e-01  +3.48379617e-01
   122 0  +4.96898265e-01  +3.07795167e-01
   123 0  +5.17249762e-01  +2.62124426e-01
   124 0  +5.46426098e-01  +2.21519729e-01
   125 0  +5.81289549e-01  +1.85679253e-01
   126 0  +6.07302935e-01  +1.42979091e-01
   127 0  +6.43235437e-01  +1.08210495e-01
   128 0  +6.86662283e-01  +8.34292719e-02
   129 0  +7.30902326e-01  +6.01308038e-02
   130 0  +7.66996254e-01  +2.55298155e-02
   131 1  +7.83019985e-01  -1.97758476e-16
   132 1  +7.81929112e-01  +1.00000000e+00
   133 0  +7.97056229e-01  +9.52343203e-01
   134 0  +8.21335703e-01  +9.08633854e-01
   135 0  +8.56372734e-01  +8.72963048e-01
   136 0  +9.00428476e-01  +8.49317929e-01
   137 0  +9.48266286e-01  +8.34773378e-01
   138 0  +9.89582153e-01  +8.06613138e-01
   139 1  +1.00000000e+00  +7.96067152e-01
   140 1  +0.00000000e+00  +7.24750405e-01
   141 0  +3.58973173e-02  +7.59555327e-01
   142 0  +7.55274370e-02  +7.90042269e-01
   143 0  +1.20344967e-01  +8.12209565e-01
   144 0  +1.66186280e-01  +8.32173884e-01
   145 0  +2.08803942e-01  +8.58322208e-01
   146 0  +2.56181415e-01  +8.74302667e-01
   147 0  +2.98418806e-01  +9.01060896e-01
   148 0  +3.33135024e-01  +9.37044006e-01
   149 0  +3.66482822e-01  +9.74298863e-01
   150 1  +3.85295765e-01  +1.00000000e+00
   151 1  +0.00000000e+00  +9.07674160e-01
   152 0  +2.59124015e-02  +8.64912642e-01
   153 0  +3.77892275e-02  +8.16343711e-01
   154 0  +3.58676179e-02  +7.66380651e-01
   155 0  +3.68925487e-02  +7.16391157e-01
   156 0  +4.24423396e-02  +6.66700113e-01
   157 0  +3.89989655e-02  +6.16818822e-01
   158 0  +4.90441537e-02  +5.67838273e-01
   159 0  +4.56267412e-02  +5.17955197e-01
   160 0  +3.60370999e-02  +4.68883425e-01
   161 0  +2.68800082e-02  +4.19729100e-01
   162 0  +4.01248315e-03  +3.75264774e-01
   163 1  -1.49186219e-16  +3.68849643e-01
   164 1  +1.24331429e-01  +1.00000000e+00
   165 0  +9.43384226e-02  +9.59994756e-01
   166 0  +6.84919469e-02  +9.17193358e-01
   167 0  +5.65372363e-02  +8.68643539e-01
   168 0  +4.10847910e-02  +8.21091232e-01
   169 0  +2.29292030e-02  +7.74503952e-01
   170 0  +1.12645749e-02  +7.25883623e-01
   171 1  -7.11236625e-17  +7.04679818e-01
   172 1  +1.00000000e+00  +9.11129753e-01
   173 0  +9.67520171e-01  +9.49143707e-01
   174 0  +9.32759459e-01  +9.85083837e-01
   175 1  +9.13026346e-01  +1.00000000e+00
   176 1  +1.00000000e+00  +8.58341756e-01
   177 0  +9.87698508e-01  +9.06804869e-01
   178 0  +9.78830428e-01  +9.56012156e-01
   179 1  +9.77297144e-01  +1.00000000e+00
   180 1  +0.00000000e+00  +5.28094023e-01
   181 0  +4.92867321e-02  +5.36509369e-01
   182 0  +9.75945376e-02  +5.49407273e-01
   183 0  +1.45344057e-01  +5.64239109e-01
   184 0  +1.92898812e-01  +5.79684022e-01
   185 0  +2.39728057e-01  +5.97206060e-01
   186 0  +2.80093228e-01  +6.26712889e-01
   187 0  +3.18179880e-01  +6.59107440e-01
   188 0  +3.62751950e-01  +6.81764240e-01
   189 0  +4.08729909e-01  +7.01411817e-01
   190 0  +4.54665577e-01  +7.21158067e-01
   191 0  +4.98246481e-01  +7.45667347e-01
   192 0  +5.47017329e-01  +7.56685714e-01
   193 0  +5.96912161e-01  +7.53444463e-01
   194 0  +6.46786353e-01  +7.49899751e-01
   195 0  +6.94374817e-01  +7.34559017e-01
   196 0  +7.36548540e-01  +7.07700553e-01
   197 0  +7.83348817e-01  +6.90101289e-01
   198 0  +8.22881800e-01  +6.59488493e-01
   199 0  +8.61192194e-01  +6.27358854e-01
   200 0  +8.90265683e-01  +5.86680454e-01
   201 0  +9.29903599e-01  +5.56203650e-01
   202 0  +9.66807132e-01  +5.22467478e-01
   203 1  +1.00000000e+00  +4.94205533e-01
   204 1  +7.19399534e-01  +0.00000000e+00
   205 0  +6.69926896e-01  +7.24279293e-03
   206 0  +6.20381837e-01  +5.13219044e-04
   207 1  +6.18246497e-01  -1.57751416e-16
   208 1  +1.00000000e+00  +2.57466967e-01
   209 0  +9.64908764e-01  +2.93084450e-01
   210 0  +9.41563082e-01  +3.37299596e-01
   211 0  +9.29672232e-01  +3.85865095e-01
   212 0  +9.06927596e-01  +4.30392407e-01
   213 0  +8.97003665e-01  +4.79397668e-01
   214 0  +9.01799720e-01  +5.29167115e-01
   215 0  +9.04683370e-01  +5.79083892e-01
   216 0  +8.97160061e-01  +6.28514650e-01
   217 0  +8.97001931e-01  +6.78514400e-01
   218 0  +8.97848666e-01  +7.28507229e-01
   219 0  +8.96652722e-01  +7.78492925e-01
   220 0  +9.02517675e-01  +8.28147757e-01
   221 0  +8.98834342e-01  +8.78011903e-01
   222 0  +8.93862658e-01  +9.27764112e-01
   223 0  +8.77403513e-01  +9.74977421e-01
   224 1  +8.64315839e-01  +1.00000000e+00
   225 1  +0.00000000e+00  +8.95007398e-01
   226 0  +2.77905730e-02  +9.36572817e-01
   227 0  +5.09453318e-02  +9.80888245e-01
   228 1  +5.87333634e-02  +1.00000000e+00
   229 1  +1.00000000e+00  +6.23818082e-01
   230 0  +9.72084285e-01  +6.65299558e-01
   231 0  +9.39143055e-01  +7.02914387e-01
   232 0  +9.04645315e-01  +7.39107010e-01
   233 0  +8.75333209e-01  +7.79613805e-01
   234 0  +8.36089251e-01  +8.10596247e-01
   235 0  +8.03309979e-01  +8.48352298e-01
   236 0  +7.82558118e-01  +8.93842520e-01
   237 0  +7.64042372e-01  +9.40287833e-01
   238 0  +7.55837940e-01  +9.89610113e-01
   239 1  +7.52420813e-01  +1.00000000e+00
   240 1  +0.00000000e+00  +1.81401511e-01
   241 0  +1.59911408e-02  +2.28775380e-01
   242 0  +3.70210545e-02  +2.74137729e-01
   243 0  +5.50289291e-02  +3.20782305e-01
   244 0  +5.97902669e-02  +3.70555085e-01
   245 0  +5.05495128e-02  +4.19693751e-01
   246 0  +3.13603716e-02  +4.65864920e-01
   247 0  +1.99654618e-02  +5.14549168e-01
   248 0  +7.94718382e-03  +5.63083290e-01
   249 0  +7.66583351e-03  +6.13082498e-01
   250 1  -1.50920942e-16  +6.54137108e-01
   251 2  +9.84952172e-01  +3.99971256e-01
   252 2  +9.95018027e-01  +5.05174754e-01
   253 2  +9.93421757e-01  +4.99806554e-01
   254 2  +9.90347417e-01  +2.67264305e-01
   255 2  +1.98193691e-01  +3.00580231e-01
   256 2  +9.27024061e-01  +3.91303087e-01
   257 2  +4.84736506e-01  +3.24695933e-01
   258 2  +9.26903664e-01  +3.91285138e-01
   259 2  +5.04342762e-02  +3.08881087e-01
   260 2  +4.25646565e-01  +6.87605957e-02
   261 2  +7.79453529e-01  +5.68225612e-03
   262 2  +6.94778217e-01  +3.60456018e-03
   263 2  +6.50722111e-01  +4.63425788e-03
   264 2  +4.09027731e-02  +4.93781875e-01
   265 2  +3.27030674e-03  +5.28652404e-01
   266 2  +2.04490589e-02  +5.12483021e-01
   267 2  +8.30295091e-01  +6.54366234e-01
   268 2  +8.52926497e-01  +6.34291016e-01
   269 2  +8.83195478e-01  +5.96572786e-01
   270 2  +8.95136554e-01  +5.82935339e-01
   271 2  +9.67070398e-01  +5.22243321e-01
   272 2  +9.04301217e-01  +5.72468726e-01
   273 2  +8.64717991e-01  +8.68484072e-01
   274 2  +9.13389901e-01  +9.99725190e-01
   275 2  +8.30277429e-01  +6.53286028e-01
   276 2  +8.91329455e-01  +9.35030645e-01
   277 2  +9.04171245e-01  +4.44003513e-01
   278 2  +9.27439518e-01  +3.90236093e-01
   279 2  +8.58613097e-01  +7.92814051e-01
   280 2  +6.44614061e-02  +7.81529313e-01
   281 2  +4.34104564e-02  +8.28248077e-01
   282 2  +1.95020757e-01  +5.80477988e-01
   283 2  +1.22984214e-02  +9.13401730e-01
   284 2  +9.00965961e-01  +8.49154513e-01
   285 2  +3.60058452e-02  +7.59638816e-01
   286 2  +1.43248243e-02  +7.38639309e-01
   287 2  +3.76309616e-02  +8.12228698e-01
   288 2  +4.68695847e-02  +5.36096659e-01
   289 2  +4.02643526e-03  +9.01029601e-01
   290 2  +3.42013380e-02  +4.59029244e-01
   291 2  +9.83422452e-01  +9.30531892e-01
   292 2  +9.04490390e-01  +5.75743360e-01
   293 2  +1.59375690e-02  +5.30815246e-01
   294 2  +8.97353983e-01  +7.49183001e-01
*Segmentos 
319
     0     0     1
     1     1     2
     2     2     3
     3     4     5
     4     5   254
     5     6     7
     6     7     8
     7     8   251
     8     9    10
     9    10   253
    10    12   251
    11    13   256
    12    14    15
    13    15    16
    14    16    17
    15    17    18
    16    18    19
    17    19    20
    18    20    21
    19    21    22
    20    22   257
    21    23    24
    22    24    25
    23    25    26
    24    26    27
    25    27    28
    26    28   255
    27    29    30
    28    30    31
    29    31   259
    30    32    33
    31    34   261
    32    35    36
    33    36   262
    34    37   263
    35    38    39
    36    39    40
    37    40    41
    38    41   260
    39    42    43
    40    43    44
    41    44    45
    42    45    46
    43    46    47
    44    47    48
    45    49   265
    46    50   264
    47    51    52
    48    52    53
    49    53    54
    50    54    55
    51    55   255
    52    56    57
    53    57    58
    54    58    59
    55    59    60
    56    60    61
    57    61   260
    58    62    63
    59    63    64
    60    65    66
    61    66    67
    62    67    68
    63    68    69
    64    69    70
    65    70    71
    66    71    72
    67    72    73
    68    73    74
    69    74    75
    70    75   267
    71    76   268
    72    77   270
    73    78    79
    74    79   271
    75    80   252
    76    82   274
    77    83   276
    78    84   273
    79    85    86
    80    86   279
    81    87    88
    82    88    89
    83    89   267
    84    90    91
    85    91    92
    86    92    93
    87    93   277
    88    94   256
    89    95    96
    90    96    97
    91    97    98
    92    98    99
    93    99   100
    94   100   101
    95   101   102
    96   102   103
    97   103   104
    98   105   106
    99   106   283
   100   107   281
   101   108   280
   102   109   110
   103   110   111
   104   111   112
   105   112   113
   106   113   282
   107   114   115
   108   115   116
   109   116   117
   110   117   118
   111   118   119
   112   119   120
   113   120   121
   114   121   257
   115   122   123
   116   123   124
   117   124   125
   118   125   126
   119   126   127
   120   127   128
   121   128   129
   122   129   130
   123   130   261
   124   132   133
   125   133   134
   126   134   135
   127   135   273
   128   136   284
   129   137   138
   130   138   139
   131   140   286
   132   141   285
   133   142   143
   134   143   144
   135   144   145
   136   145   146
   137   146   147
   138   147   148
   139   148   149
   140   149   150
   141   151   289
   142   152   153
   143   153   287
   144   154   285
   145   155   156
   146   156   157
   147   157   158
   148   158   288
   149   159   264
   150   160   290
   151   161   162
   152   162   163
   153   164   165
   154   165   166
   155   166   167
   156   167   281
   157   168   287
   158   169   286
   159   170   171
   160   172   291
   161   173   174
   162   174   274
   163   176   177
   164   177   291
   165   178   179
   166   180   265
   167   181   182
   168   182   183
   169   183   184
   170   184   282
   171   185   186
   172   186   187
   173   187   188
   174   188   189
   175   189   190
   176   190   191
   177   191   192
   178   192   193
   179   193   194
   180   194   195
   181   195   196
   182   196   197
   183   197   198
   184   198   275
   185   199   269
   186   200   270
   187   201   202
   188   202   271
   189   204   262
   190   205   263
   191   206   207
   192   208   254
   193   209   210
   194   210   211
   195   211   278
   196   212   277
   197   213   214
   198   214   272
   199   215   216
   200   216   217
   201   217   218
   202   218   294
   203   219   220
   204   220   284
   205   221   222
   206   222   276
   207   223   224
   208   225   289
   209   226   227
   210   227   228
   211   229   230
   212   230   231
   213   231   232
   214   232   294
   215   233   279
   216   234   235
   217   235   236
   218   236   237
   219   237   238
   220   238   239
   221   240   241
   222   241   242
   223   242   259
   224   243   244
   225   244   245
   226   245   290
   227   246   266
   228   247   293
   229   248   249
   230   249   250
   231   251     9
   232   251    13
   233   252    11
   234   252    81
   235   253   252
   236   253   203
   237   254     6
   238   254   209
   239   255    29
   240   255    56
   241   256   258
   242   256   278
   243   257    23
   244   257   122
   245   258    14
   246   258   212
   247   259    32
   248   259   243
   249   260    42
   250   260    62
   251   261    35
   252   261   131
   253   262    37
   254   262   205
   255   263    38
   256   263   206
   257   264    51
   258   264   160
   259   265   266
   260   265   293
   261   266    50
   262   266   247
   263   267    76
   264   267   275
   265   268    77
   266   268   199
   267   269    78
   268   269   200
   269   270   272
   270   270   292
   271   271    80
   272   271   253
   273   272    78
   274   272   292
   275   273    85
   276   273   136
   277   274    83
   278   274   175
   279   275    90
   280   275   268
   281   276    84
   282   276   223
   283   277    94
   284   277   213
   285   278    95
   286   278   258
   287   279    87
   288   279   234
   289   280   109
   290   280   142
   291   281   108
   292   281   168
   293   282   114
   294   282   185
   295   283   107
   296   283   226
   297   284   137
   298   284   221
   299   285   280
   300   285   155
   301   286   141
   302   286   170
   303   287   154
   304   287   169
   305   288   159
   306   288   181
   307   289   152
   308   289   283
   309   290   161
   310   290   246
   311   291   173
   312   291   178
   313   292   201
   314   292   215
   315   293   288
   316   293   248
   317   294   219
   318   294   233
*Fibras 
20
     0   5.00000000e-02  +3.14160000e-01     0     1     2
     1   5.00000000e-02  +3.14160000e-01     3     4   237     5     6     7   231     8     9   235   233
     2   5.00000000e-02  +3.14160000e-01    10   232    11   241   245    12    13    14    15    16    17    18    19    20   243    21    22    23    24    25    26   239    27    28    29   247    30
     3   5.00000000e-02  +3.14160000e-01    31   251    32    33   253    34   255    35    36    37    38   249    39    40    41    42    43    44
     4   5.00000000e-02  +3.14160000e-01    45   259   261    46   257    47    48    49    50    51   240    52    53    54    55    56    57   250    58    59
     5   5.00000000e-02  +3.14160000e-01    60    61    62    63    64    65    66    67    68    69    70   263    71   265    72   269   273   267    73    74   271    75   234
     6   5.00000000e-02  +3.14160000e-01    76   277    77   281    78   275    79    80   287    81    82    83   264   279    84    85    86    87   283    88   242   285    89    90    91    92    93    94    95    96    97
     7   5.00000000e-02  +3.14160000e-01    98    99   295   100   291   101   289   102   103   104   105   106   293   107   108   109   110   111   112   113   114   244   115   116   117   118   119   120   121   122   123   252
     8   5.00000000e-02  +3.14160000e-01   124   125   126   127   276   128   297   129   130
     9   5.00000000e-02  +3.14160000e-01   131   301   132   299   290   133   134   135   136   137   138   139   140
    10   5.00000000e-02  +3.14160000e-01   141   307   142   143   303   144   300   145   146   147   148   305   149   258   150   309   151   152
    11   5.00000000e-02  +3.14160000e-01   153   154   155   156   292   157   304   158   302   159
    12   5.00000000e-02  +3.14160000e-01   160   311   161   162   278
    13   5.00000000e-02  +3.14160000e-01   163   164   312   165
    14   5.00000000e-02  +3.14160000e-01   166   260   315   306   167   168   169   170   294   171   172   173   174   175   176   177   178   179   180   181   182   183   184   280   266   185   268   186   270   313   187   188   272   236
    15   5.00000000e-02  +3.14160000e-01   189   254   190   256   191
    16   5.00000000e-02  +3.14160000e-01   192   238   193   194   195   286   246   196   284   197   198   274   314   199   200   201   202   317   203   204   298   205   206   282   207
    17   5.00000000e-02  +3.14160000e-01   208   308   296   209   210
    18   5.00000000e-02  +3.14160000e-01   211   212   213   214   318   215   288   216   217   218   219   220
    19   5.00000000e-02  +3.14160000e-01   221   222   223   248   224   225   226   310   227   262   228   316   229   230
*Capas 
1
    +0     0     1     2     3     4     5     6     7     8     9    10    11    12    13    14    15    16    17    18    19
