*Parametros
      0.10000000E+03
      0.10000000E+01
*Coordenadas
         702
           0 1      0.59493209E+02      0.00000000E+00
           1 0      0.59685856E+02      0.49962873E+01
           2 0      0.60457569E+02      0.99363743E+01
           3 0      0.61134335E+02      0.14890361E+02
           4 0      0.60648531E+02      0.19866705E+02
           5 0      0.61680060E+02      0.24759143E+02
           6 0      0.64235206E+02      0.29056960E+02
           7 0      0.68080688E+02      0.32252624E+02
           8 0      0.72533074E+02      0.34527762E+02
           9 0      0.77395578E+02      0.35692261E+02
          10 0      0.82374469E+02      0.35233295E+02
          11 0      0.87373448E+02      0.35132291E+02
          12 0      0.92344821E+02      0.35666567E+02
          13 0      0.97288163E+02      0.34915983E+02
          14 1      0.10000000E+03      0.35429300E+02
          15 1      0.42433574E+02      0.00000000E+00
          16 0      0.45247594E+02      0.41329520E+01
          17 0      0.48831801E+02      0.76191333E+01
          18 0      0.51453161E+02      0.11876888E+02
          19 0      0.54874228E+02      0.15523297E+02
          20 0      0.58441030E+02      0.19027283E+02
          21 0      0.61145875E+02      0.23232496E+02
          22 0      0.64100280E+02      0.27266290E+02
          23 0      0.66826262E+02      0.31457832E+02
          24 0      0.69628244E+02      0.35598954E+02
          25 0      0.72013504E+02      0.39993330E+02
          26 0      0.72958292E+02      0.44903256E+02
          27 0      0.73204165E+02      0.49897207E+02
          28 0      0.74901199E+02      0.54600405E+02
          29 0      0.75186554E+02      0.59592256E+02
          30 0      0.74036508E+02      0.64458198E+02
          31 0      0.73694978E+02      0.69446521E+02
          32 0      0.73746776E+02      0.74446252E+02
          33 0      0.74927354E+02      0.79304877E+02
          34 0      0.76821154E+02      0.83932352E+02
          35 0      0.79276596E+02      0.88287901E+02
          36 0      0.82468348E+02      0.92136630E+02
          37 0      0.86209963E+02      0.95453303E+02
          38 0      0.89379493E+02      0.99320353E+02
          39 1      0.89631497E+02      0.10000000E+03
          40 1      0.57398428E+02      0.00000000E+00
          41 0      0.60391149E+02      0.40054486E+01
          42 0      0.64327234E+02      0.70888297E+01
          43 0      0.68671122E+02      0.95648415E+01
          44 0      0.72979342E+02      0.12102407E+02
          45 0      0.77210394E+02      0.14766652E+02
          46 0      0.81989816E+02      0.16235369E+02
          47 0      0.86988323E+02      0.16113208E+02
          48 0      0.91741663E+02      0.14562159E+02
          49 0      0.95841622E+02      0.11700281E+02
          50 1      0.10000000E+03      0.90446357E+01
          51 1      0.10000000E+03      0.75398904E+02
          52 0      0.97046728E+02      0.71364281E+02
          53 0      0.94463902E+02      0.67083042E+02
          54 0      0.91480162E+02      0.63070898E+02
          55 0      0.89118729E+02      0.58663672E+02
          56 0      0.85935139E+02      0.54808189E+02
          57 0      0.82795658E+02      0.50916704E+02
          58 0      0.81160604E+02      0.46191601E+02
          59 0      0.78021608E+02      0.42299724E+02
          60 0      0.73939025E+02      0.39413114E+02
          61 0      0.69677193E+02      0.36798389E+02
          62 0      0.65407492E+02      0.34196533E+02
          63 0      0.61610938E+02      0.30942893E+02
          64 0      0.58494163E+02      0.27033197E+02
          65 0      0.56409911E+02      0.22488322E+02
          66 0      0.53314889E+02      0.18561385E+02
          67 0      0.51352615E+02      0.13962528E+02
          68 0      0.50930136E+02      0.89804088E+01
          69 0      0.50973187E+02      0.39805941E+01
          70 1      0.51397791E+02     -0.11546320E-13
          71 1      0.97338159E+02      0.10000000E+03
          72 0      0.95200265E+02      0.95480109E+02
          73 0      0.92919110E+02      0.91030803E+02
          74 0      0.89305838E+02      0.87574754E+02
          75 0      0.85068029E+02      0.84921271E+02
          76 0      0.80764920E+02      0.82375049E+02
          77 0      0.77449050E+02      0.78632722E+02
          78 0      0.74761580E+02      0.74416384E+02
          79 0      0.71132071E+02      0.70977392E+02
          80 0      0.66742458E+02      0.68583380E+02
          81 0      0.62394061E+02      0.66115295E+02
          82 0      0.59084332E+02      0.62367537E+02
          83 0      0.56045479E+02      0.58396973E+02
          84 0      0.52585267E+02      0.54787689E+02
          85 0      0.50313967E+02      0.50333343E+02
          86 0      0.46940673E+02      0.46642694E+02
          87 0      0.43419705E+02      0.43092655E+02
          88 0      0.39957522E+02      0.39485260E+02
          89 0      0.36471633E+02      0.35900769E+02
          90 0      0.32631263E+02      0.32698964E+02
          91 0      0.29594714E+02      0.28726638E+02
          92 0      0.27965971E+02      0.23999356E+02
          93 0      0.27420592E+02      0.19029189E+02
          94 0      0.26412456E+02      0.14131877E+02
          95 0      0.24932268E+02      0.93559958E+01
          96 0      0.23979229E+02      0.44476645E+01
          97 1      0.22765308E+02     -0.62172489E-14
          98 1      0.10000000E+03      0.78070516E+02
          99 0      0.95267036E+02      0.76458357E+02
         100 0      0.90298551E+02      0.75897867E+02
         101 0      0.85333172E+02      0.76485247E+02
         102 0      0.80401391E+02      0.77308376E+02
         103 0      0.75811058E+02      0.79290506E+02
         104 0      0.72135056E+02      0.82679755E+02
         105 0      0.68207912E+02      0.85774515E+02
         106 0      0.65086203E+02      0.89680271E+02
         107 0      0.61596729E+02      0.93261273E+02
         108 0      0.57247110E+02      0.95727204E+02
         109 0      0.53321735E+02      0.98824207E+02
         110 1      0.52174179E+02      0.10000000E+03
         111 1      0.00000000E+00      0.74788986E+02
         112 0      0.37183240E+01      0.78131749E+02
         113 0      0.71461484E+01      0.81771807E+02
         114 0      0.11559611E+02      0.84121562E+02
         115 0      0.16510464E+02      0.84820884E+02
         116 0      0.21450229E+02      0.84047115E+02
         117 0      0.25880903E+02      0.81729976E+02
         118 0      0.29797536E+02      0.78621924E+02
         119 0      0.33282408E+02      0.75036444E+02
         120 0      0.37333441E+02      0.72105723E+02
         121 0      0.41930745E+02      0.70139814E+02
         122 0      0.46866115E+02      0.69338488E+02
         123 0      0.51865330E+02      0.69249856E+02
         124 0      0.56583394E+02      0.67594600E+02
         125 0      0.61120354E+02      0.65493174E+02
         126 0      0.66090330E+02      0.64946053E+02
         127 0      0.70751317E+02      0.63136303E+02
         128 0      0.75749855E+02      0.63015402E+02
         129 0      0.80534656E+02      0.61564304E+02
         130 0      0.85522706E+02      0.61218821E+02
         131 0      0.90520318E+02      0.61064320E+02
         132 0      0.95285015E+02      0.62580125E+02
         133 0      0.99304248E+02      0.65554307E+02
         134 1      0.10000000E+03      0.66015009E+02
         135 1      0.27607694E+01      0.00000000E+00
         136 0      0.52888411E+01      0.43137980E+01
         137 0      0.88609056E+01      0.78124199E+01
         138 0      0.12403452E+02      0.11340928E+02
         139 0      0.15786907E+02      0.15022263E+02
         140 0      0.19901520E+02      0.17863030E+02
         141 0      0.23193724E+02      0.21626193E+02
         142 0      0.27402533E+02      0.24325439E+02
         143 0      0.31796537E+02      0.26711382E+02
         144 0      0.35828251E+02      0.29668625E+02
         145 0      0.40084933E+02      0.32291726E+02
         146 0      0.44778481E+02      0.34015271E+02
         147 0      0.49358455E+02      0.36021222E+02
         148 0      0.53336052E+02      0.39050862E+02
         149 0      0.56112325E+02      0.43209264E+02
         150 0      0.58013049E+02      0.47833899E+02
         151 0      0.60569888E+02      0.52130709E+02
         152 0      0.62306519E+02      0.56819431E+02
         153 0      0.63232883E+02      0.61732866E+02
         154 0      0.65520476E+02      0.66178867E+02
         155 0      0.67211241E+02      0.70884322E+02
         156 0      0.69678813E+02      0.75233011E+02
         157 0      0.71198133E+02      0.79996588E+02
         158 0      0.71987778E+02      0.84933840E+02
         159 0      0.73835132E+02      0.89580051E+02
         160 0      0.76264856E+02      0.93949999E+02
         161 0      0.79185622E+02      0.98008216E+02
         162 1      0.80771591E+02      0.10000000E+03
         163 1      0.45983374E+02      0.10000000E+03
         164 0      0.41399493E+02      0.98002994E+02
         165 0      0.37032175E+02      0.95568547E+02
         166 0      0.32561192E+02      0.93330175E+02
         167 0      0.27724799E+02      0.92061592E+02
         168 0      0.23416175E+02      0.89524713E+02
         169 0      0.19906901E+02      0.85963112E+02
         170 0      0.15470920E+02      0.83656151E+02
         171 0      0.10576878E+02      0.82632261E+02
         172 0      0.59226167E+01      0.80805281E+02
         173 0      0.10486170E+01      0.79689876E+02
         174 1     -0.51070259E-14      0.79090230E+02
         175 1      0.00000000E+00      0.91334196E+02
         176 0      0.35248443E+01      0.87788005E+02
         177 0      0.58233498E+01      0.83347636E+02
         178 0      0.76526586E+01      0.78694290E+02
         179 0      0.10051074E+02      0.74307081E+02
         180 0      0.13437263E+02      0.70628260E+02
         181 0      0.16453731E+02      0.66640664E+02
         182 0      0.20074720E+02      0.63192702E+02
         183 0      0.24104306E+02      0.60232561E+02
         184 0      0.28410065E+02      0.57690822E+02
         185 0      0.31600402E+02      0.53840920E+02
         186 0      0.33573178E+02      0.49246558E+02
         187 0      0.35687722E+02      0.44715697E+02
         188 0      0.38609467E+02      0.40658185E+02
         189 0      0.40777686E+02      0.36152763E+02
         190 0      0.42824472E+02      0.31590892E+02
         191 0      0.43248564E+02      0.26608910E+02
         192 0      0.43869403E+02      0.21647604E+02
         193 0      0.43577233E+02      0.16656147E+02
         194 0      0.41910549E+02      0.11942108E+02
         195 0      0.38835674E+02      0.79993752E+01
         196 0      0.36134889E+02      0.37915537E+01
         197 0      0.32656623E+02      0.19966495E+00
         198 1      0.32249354E+02     -0.79103391E-14
         199 1      0.10000000E+03      0.59378426E+02
         200 0      0.98086431E+02      0.54759091E+02
         201 0      0.95700401E+02      0.50365134E+02
         202 0      0.92582622E+02      0.46456239E+02
         203 0      0.89925161E+02      0.42220924E+02
         204 0      0.88577336E+02      0.37406013E+02
         205 0      0.88314493E+02      0.32412926E+02
         206 0      0.88609829E+02      0.27421656E+02
         207 0      0.87321742E+02      0.22590421E+02
         208 0      0.86569462E+02      0.17647337E+02
         209 0      0.84282348E+02      0.13201091E+02
         210 0      0.82623670E+02      0.84842288E+01
         211 0      0.79465242E+02      0.46081054E+01
         212 0      0.75339957E+02      0.17828566E+01
         213 1      0.72174905E+02     -0.21982416E-13
         214 1      0.10000000E+03      0.35680157E+02
         215 0      0.96698916E+02      0.31924782E+02
         216 0      0.94101214E+02      0.27652552E+02
         217 0      0.92417060E+02      0.22944727E+02
         218 0      0.90136589E+02      0.18495069E+02
         219 0      0.86800328E+02      0.14770910E+02
         220 0      0.84222772E+02      0.10486496E+02
         221 0      0.81926412E+02      0.60450173E+01
         222 0      0.78470603E+02      0.24315168E+01
         223 1      0.77143880E+02     -0.22204461E-13
         224 1      0.47784267E+02      0.00000000E+00
         225 0      0.44158494E+02      0.34429301E+01
         226 0      0.39967678E+02      0.61700282E+01
         227 0      0.35113045E+02      0.73669133E+01
         228 0      0.30949021E+02      0.10134747E+02
         229 0      0.26348250E+02      0.12092529E+02
         230 0      0.21683438E+02      0.13892398E+02
         231 0      0.16826173E+02      0.15078556E+02
         232 0      0.12554906E+02      0.17677841E+02
         233 0      0.81491595E+01      0.20042032E+02
         234 0      0.36624275E+01      0.22248666E+02
         235 1     -0.11990409E-13      0.24444593E+02
         236 1      0.22738520E+02      0.00000000E+00
         237 0      0.27737998E+02      0.72246186E-01
         238 0      0.32704427E+02      0.65068132E+00
         239 0      0.37580170E+02      0.17584392E+01
         240 0      0.42341890E+02      0.32835695E+01
         241 0      0.47282590E+02      0.40513439E+01
         242 0      0.51939748E+02      0.58709280E+01
         243 0      0.56607003E+02      0.76644523E+01
         244 0      0.61228233E+02      0.95734402E+01
         245 0      0.65852891E+02      0.11474106E+02
         246 0      0.69597827E+02      0.14787030E+02
         247 0      0.73326593E+02      0.18118141E+02
         248 0      0.77782002E+02      0.20387354E+02
         249 0      0.82013145E+02      0.23051454E+02
         250 0      0.86848512E+02      0.24323943E+02
         251 0      0.91464391E+02      0.26245833E+02
         252 0      0.95705083E+02      0.28894706E+02
         253 1      0.10000000E+03      0.31350758E+02
         254 1      0.00000000E+00      0.38298221E+02
         255 0      0.20426349E+00      0.43294047E+02
         256 0      0.12470021E+01      0.48184108E+02
         257 0      0.15058426E+01      0.53177403E+02
         258 0      0.15509677E+01      0.58177200E+02
         259 0      0.27515060E+01      0.63030931E+02
         260 0      0.31893934E+01      0.68011720E+02
         261 0      0.34799427E+01      0.73003271E+02
         262 0      0.45025157E+01      0.77897588E+02
         263 0      0.43646345E+01      0.82895687E+02
         264 0      0.56693466E+01      0.87722459E+02
         265 0      0.60354145E+01      0.92709040E+02
         266 0      0.76949089E+01      0.97425615E+02
         267 1      0.81372922E+01      0.10000000E+03
         268 1      0.23174254E+02      0.00000000E+00
         269 0      0.21751517E+02      0.47933100E+01
         270 0      0.19507642E+02      0.92615339E+01
         271 0      0.18103355E+02      0.14060281E+02
         272 0      0.17353108E+02      0.19003674E+02
         273 0      0.15325217E+02      0.23573976E+02
         274 0      0.12870723E+02      0.27930059E+02
         275 0      0.10413809E+02      0.32284777E+02
         276 0      0.67289878E+01      0.35664436E+02
         277 0      0.35330910E+01      0.39509724E+02
         278 0      0.17239514E+01      0.44170949E+02
         279 1     -0.33306691E-14      0.46511045E+02
         280 1      0.29671239E+02      0.10000000E+03
         281 0      0.27854372E+02      0.95341782E+02
         282 0      0.26120297E+02      0.90652114E+02
         283 0      0.23811044E+02      0.86217326E+02
         284 0      0.22283978E+02      0.81456226E+02
         285 0      0.20832624E+02      0.76671503E+02
         286 0      0.21057733E+02      0.71676573E+02
         287 0      0.21044506E+02      0.66676591E+02
         288 0      0.20560478E+02      0.61700074E+02
         289 0      0.18500187E+02      0.57144287E+02
         290 0      0.17084770E+02      0.52348810E+02
         291 0      0.16457129E+02      0.47388360E+02
         292 0      0.17409351E+02      0.42479870E+02
         293 0      0.16989601E+02      0.37497520E+02
         294 0      0.17399333E+02      0.32514337E+02
         295 0      0.16534703E+02      0.27589663E+02
         296 0      0.14787947E+02      0.22904703E+02
         297 0      0.14123465E+02      0.17949054E+02
         298 0      0.11866474E+02      0.13487440E+02
         299 0      0.10351705E+02      0.87224141E+01
         300 0      0.99910898E+01      0.37354354E+01
         301 1      0.10168699E+02     -0.22204460E-14
         302 1      0.31794410E+01      0.00000000E+00
         303 0      0.79069533E+01      0.16280747E+01
         304 0      0.12725718E+02      0.29620569E+01
         305 0      0.17380262E+02      0.47883154E+01
         306 0      0.21233001E+02      0.79752266E+01
         307 0      0.25431897E+02      0.10689866E+02
         308 0      0.30254706E+02      0.12009151E+02
         309 0      0.34442094E+02      0.14741509E+02
         310 0      0.38432153E+02      0.17754719E+02
         311 0      0.42550716E+02      0.20589757E+02
         312 0      0.46691701E+02      0.23391943E+02
         313 0      0.50548166E+02      0.26574344E+02
         314 0      0.55220975E+02      0.28353348E+02
         315 0      0.59202830E+02      0.31377390E+02
         316 0      0.63305390E+02      0.34235537E+02
         317 0      0.66192208E+02      0.38317972E+02
         318 0      0.67592687E+02      0.43117833E+02
         319 0      0.68785224E+02      0.47973536E+02
         320 0      0.69429772E+02      0.52931818E+02
         321 0      0.71277840E+02      0.57577746E+02
         322 0      0.72957199E+02      0.62287284E+02
         323 0      0.75647586E+02      0.66501761E+02
         324 0      0.78982697E+02      0.70226950E+02
         325 0      0.81660333E+02      0.74449540E+02
         326 0      0.84155943E+02      0.78782199E+02
         327 0      0.85091208E+02      0.83693948E+02
         328 0      0.85431345E+02      0.88682365E+02
         329 0      0.86455122E+02      0.93576431E+02
         330 0      0.86004018E+02      0.98556040E+02
         331 1      0.85415029E+02      0.10000000E+03
         332 1      0.10000000E+03      0.60603697E+02
         333 0      0.98572419E+02      0.55811827E+02
         334 0      0.97112541E+02      0.51029698E+02
         335 0      0.96545098E+02      0.46062002E+02
         336 0      0.94432080E+02      0.41530429E+02
         337 0      0.91293370E+02      0.37638322E+02
         338 0      0.88306477E+02      0.33628524E+02
         339 0      0.85575291E+02      0.29440372E+02
         340 0      0.83728896E+02      0.24793779E+02
         341 0      0.82047691E+02      0.20084899E+02
         342 0      0.81839478E+02      0.15089236E+02
         343 0      0.81413194E+02      0.10107441E+02
         344 0      0.79437389E+02      0.55143819E+01
         345 0      0.77107735E+02      0.10902758E+01
         346 1      0.76634452E+02     -0.23092639E-13
         347 1      0.61728116E+02      0.00000000E+00
         348 0      0.65070502E+02      0.37186638E+01
         349 0      0.67441643E+02      0.81206733E+01
         350 0      0.70229443E+02      0.12271357E+02
         351 0      0.73854542E+02      0.15714997E+02
         352 0      0.77262832E+02      0.19373351E+02
         353 0      0.81183476E+02      0.22476342E+02
         354 0      0.85601303E+02      0.24817882E+02
         355 0      0.90356718E+02      0.26362558E+02
         356 0      0.94783604E+02      0.28686925E+02
         357 0      0.98502340E+02      0.32029230E+02
         358 1      0.10000000E+03      0.32675412E+02
         359 1      0.84494365E+02      0.00000000E+00
         360 0      0.86546646E+02      0.45594013E+01
         361 0      0.89399218E+02      0.86658392E+01
         362 0      0.90933956E+02      0.13424471E+02
         363 0      0.91370280E+02      0.18405397E+02
         364 0      0.90968800E+02      0.23389253E+02
         365 0      0.88987758E+02      0.27980056E+02
         366 0      0.88448313E+02      0.32950871E+02
         367 0      0.89316333E+02      0.37874948E+02
         368 0      0.90057418E+02      0.42819722E+02
         369 0      0.91053714E+02      0.47719457E+02
         370 0      0.91935957E+02      0.52641006E+02
         371 0      0.91254514E+02      0.57594352E+02
         372 0      0.89961955E+02      0.62424392E+02
         373 0      0.87100551E+02      0.66524681E+02
         374 0      0.83065316E+02      0.69477117E+02
         375 0      0.78464487E+02      0.71434762E+02
         376 0      0.73800473E+02      0.73236697E+02
         377 0      0.69049125E+02      0.74793841E+02
         378 0      0.64125242E+02      0.75662966E+02
         379 0      0.59138517E+02      0.76027069E+02
         380 0      0.54172858E+02      0.75442061E+02
         381 0      0.49254231E+02      0.74543669E+02
         382 0      0.44810121E+02      0.72252407E+02
         383 0      0.40618852E+02      0.69526006E+02
         384 0      0.36515825E+02      0.66668530E+02
         385 0      0.31994039E+02      0.64534648E+02
         386 0      0.28257228E+02      0.61212563E+02
         387 0      0.25471196E+02      0.57060693E+02
         388 0      0.22329378E+02      0.53171095E+02
         389 0      0.18555053E+02      0.49891693E+02
         390 0      0.13996506E+02      0.47837516E+02
         391 0      0.10069118E+02      0.44743065E+02
         392 0      0.60937574E+01      0.41710491E+02
         393 0      0.18725302E+01      0.39030707E+02
         394 1      0.12656543E-13      0.36867126E+02
         395 1      0.37525519E+02      0.10000000E+03
         396 0      0.36712961E+02      0.95066467E+02
         397 0      0.34502587E+02      0.90581576E+02
         398 0      0.32290748E+02      0.86097407E+02
         399 0      0.31538843E+02      0.81154267E+02
         400 0      0.32327627E+02      0.76216876E+02
         401 0      0.32509144E+02      0.71220172E+02
         402 0      0.33227133E+02      0.66271992E+02
         403 0      0.33829054E+02      0.61308355E+02
         404 0      0.33366962E+02      0.56329754E+02
         405 0      0.34434473E+02      0.51445041E+02
         406 0      0.35952018E+02      0.46680898E+02
         407 0      0.38330506E+02      0.42282854E+02
         408 0      0.40454845E+02      0.37756577E+02
         409 0      0.42919649E+02      0.33406319E+02
         410 0      0.46057859E+02      0.29513808E+02
         411 0      0.48555072E+02      0.25182073E+02
         412 0      0.50596136E+02      0.20617639E+02
         413 0      0.53120311E+02      0.16301560E+02
         414 0      0.54441647E+02      0.11479313E+02
         415 0      0.54186555E+02      0.64858242E+01
         416 0      0.54820195E+02      0.15261367E+01
         417 1      0.54636125E+02     -0.12212453E-13
         418 1      0.66679210E+02      0.10000000E+03
         419 0      0.65545318E+02      0.95130268E+02
         420 0      0.63809308E+02      0.90441316E+02
         421 0      0.62738055E+02      0.85557423E+02
         422 0      0.62734108E+02      0.80557424E+02
         423 0      0.61343317E+02      0.75754747E+02
         424 0      0.59221911E+02      0.71227095E+02
         425 0      0.57049005E+02      0.66723932E+02
         426 0      0.54068458E+02      0.62709416E+02
         427 0      0.51996314E+02      0.58159008E+02
         428 0      0.48781733E+02      0.54329324E+02
         429 0      0.44531414E+02      0.51695926E+02
         430 0      0.40467840E+02      0.48782618E+02
         431 0      0.35914900E+02      0.46716041E+02
         432 0      0.31809045E+02      0.43862631E+02
         433 0      0.28819890E+02      0.39854520E+02
         434 0      0.25472955E+02      0.36139951E+02
         435 0      0.22624409E+02      0.32030718E+02
         436 0      0.18865905E+02      0.28733197E+02
         437 0      0.15050149E+02      0.25502098E+02
         438 0      0.11706577E+02      0.21784501E+02
         439 0      0.94299849E+01      0.17332857E+02
         440 0      0.71275050E+01      0.12894548E+02
         441 0      0.59437109E+01      0.80367061E+01
         442 0      0.43966341E+01      0.32820712E+01
         443 1      0.23118942E+01     -0.13322676E-14
         444 1      0.85257401E+02      0.10000000E+03
         445 0      0.88015845E+02      0.95829750E+02
         446 0      0.89428966E+02      0.91033597E+02
         447 0      0.92250793E+02      0.86905971E+02
         448 0      0.94817730E+02      0.82615186E+02
         449 0      0.97469038E+02      0.78376015E+02
         450 1      0.10000000E+03      0.75841690E+02
         451 1      0.10006887E+02      0.10000000E+03
         452 0      0.13676225E+02      0.96603537E+02
         453 0      0.17495109E+02      0.93376135E+02
         454 0      0.20795968E+02      0.89620562E+02
         455 0      0.24713553E+02      0.86513710E+02
         456 0      0.29119680E+02      0.84150229E+02
         457 0      0.34058068E+02      0.83367717E+02
         458 0      0.38912765E+02      0.82171089E+02
         459 0      0.43912421E+02      0.82229732E+02
         460 0      0.48908949E+02      0.82416041E+02
         461 0      0.53904812E+02      0.82212686E+02
         462 0      0.58782375E+02      0.81112967E+02
         463 0      0.63743915E+02      0.80494005E+02
         464 0      0.68709317E+02      0.81081184E+02
         465 0      0.73250904E+02      0.83172593E+02
         466 0      0.77790048E+02      0.85269299E+02
         467 0      0.82594070E+02      0.86655435E+02
         468 0      0.87398185E+02      0.88041246E+02
         469 0      0.91877494E+02      0.90262911E+02
         470 0      0.96477810E+02      0.92221760E+02
         471 1      0.10000000E+03      0.93762909E+02
         472 1      0.76260868E+02      0.00000000E+00
         473 0      0.72094893E+02      0.27648968E+01
         474 0      0.68801655E+02      0.65271542E+01
         475 0      0.65262216E+02      0.10058779E+02
         476 0      0.62865177E+02      0.14446740E+02
         477 0      0.59231682E+02      0.17881520E+02
         478 0      0.54903867E+02      0.20385521E+02
         479 0      0.50160186E+02      0.21965865E+02
         480 0      0.45561194E+02      0.23927822E+02
         481 0      0.41698830E+02      0.27103062E+02
         482 0      0.38812308E+02      0.31185706E+02
         483 0      0.35364614E+02      0.34806950E+02
         484 0      0.31689572E+02      0.38197240E+02
         485 0      0.27572258E+02      0.41034092E+02
         486 0      0.23598071E+02      0.44068204E+02
         487 0      0.20829452E+02      0.48231706E+02
         488 0      0.19305820E+02      0.52993906E+02
         489 0      0.19028818E+02      0.57986227E+02
         490 0      0.19600182E+02      0.62953474E+02
         491 0      0.18510457E+02      0.67833279E+02
         492 0      0.17715693E+02      0.72769710E+02
         493 0      0.15853017E+02      0.77409801E+02
         494 0      0.13527537E+02      0.81836102E+02
         495 0      0.11322142E+02      0.86323443E+02
         496 0      0.10373296E+02      0.91232587E+02
         497 0      0.10705075E+02      0.96221567E+02
         498 1      0.10106142E+02      0.10000000E+03
         499 1      0.92212192E+02      0.10000000E+03
         500 0      0.93657681E+02      0.95213502E+02
         501 0      0.95696396E+02      0.90648018E+02
         502 0      0.96848866E+02      0.85782650E+02
         503 0      0.97581101E+02      0.80836557E+02
         504 0      0.98842473E+02      0.75998278E+02
         505 1      0.10000000E+03      0.72565269E+02
         506 1      0.10000000E+03      0.93300678E+02
         507 0      0.95015626E+02      0.93695669E+02
         508 0      0.90027531E+02      0.93350841E+02
         509 0      0.85369974E+02      0.91532279E+02
         510 0      0.80950845E+02      0.89193199E+02
         511 0      0.76580861E+02      0.86763540E+02
         512 0      0.71845617E+02      0.85158094E+02
         513 0      0.66845813E+02      0.85113750E+02
         514 0      0.61893028E+02      0.85799258E+02
         515 0      0.57132929E+02      0.87329438E+02
         516 0      0.52204352E+02      0.88171535E+02
         517 0      0.47237359E+02      0.88745105E+02
         518 0      0.42238405E+02      0.88642822E+02
         519 0      0.37263086E+02      0.88146637E+02
         520 0      0.32291716E+02      0.87612334E+02
         521 0      0.27292564E+02      0.87520243E+02
         522 0      0.22309580E+02      0.87932397E+02
         523 0      0.17331203E+02      0.88396904E+02
         524 0      0.12713894E+02      0.90315355E+02
         525 0      0.86056015E+01      0.93165256E+02
         526 0      0.43065828E+01      0.95718379E+02
         527 1     -0.88817842E-15      0.97587532E+02
         528 1      0.00000000E+00      0.71914378E+02
         529 0      0.17772461E+01      0.67240900E+02
         530 0      0.44121991E+01      0.62991545E+02
         531 0      0.75803380E+01      0.59123355E+02
         532 0      0.98497572E+01      0.54668050E+02
         533 0      0.13291400E+02      0.51041055E+02
         534 0      0.17581092E+02      0.48472292E+02
         535 0      0.21982930E+02      0.46100832E+02
         536 0      0.25511978E+02      0.42558825E+02
         537 0      0.27848253E+02      0.38138212E+02
         538 0      0.29392446E+02      0.33382639E+02
         539 0      0.29830819E+02      0.28401894E+02
         540 0      0.30464998E+02      0.23442275E+02
         541 0      0.30357011E+02      0.18443441E+02
         542 0      0.31426828E+02      0.13559233E+02
         543 0      0.30898656E+02      0.85872076E+01
         544 0      0.31865629E+02      0.36816024E+01
         545 1      0.34048769E+02     -0.48849813E-14
         546 1      0.94713577E+02      0.10000000E+03
         547 0      0.93260750E+02      0.95215724E+02
         548 0      0.90333430E+02      0.91162232E+02
         549 0      0.87774163E+02      0.86866868E+02
         550 0      0.85500329E+02      0.82413816E+02
         551 0      0.82996256E+02      0.78086043E+02
         552 0      0.80348699E+02      0.73844528E+02
         553 0      0.78343373E+02      0.69264281E+02
         554 0      0.77434516E+02      0.64347577E+02
         555 0      0.76626117E+02      0.59413361E+02
         556 0      0.76697780E+02      0.54413874E+02
         557 0      0.76127388E+02      0.49446515E+02
         558 0      0.74438773E+02      0.44740288E+02
         559 0      0.74186927E+02      0.39746634E+02
         560 0      0.74633497E+02      0.34766617E+02
         561 0      0.73736006E+02      0.29847825E+02
         562 0      0.71433748E+02      0.25409401E+02
         563 0      0.70391299E+02      0.20519279E+02
         564 0      0.68898389E+02      0.15747359E+02
         565 0      0.66981140E+02      0.11129550E+02
         566 0      0.64403452E+02      0.68452154E+01
         567 0      0.62692941E+02      0.21469015E+01
         568 1      0.61647559E+02     -0.12434498E-13
         569 2      0.59607194E+02      0.29562068E+01
         570 2      0.61444002E+02      0.23639543E+02
         571 2      0.66475773E+02      0.30918911E+02
         572 2      0.51131443E+02      0.11354337E+02
         573 2      0.70579920E+02      0.37352232E+02
         574 2      0.74369617E+02      0.63048786E+02
         575 2      0.73736403E+02      0.73445020E+02
         576 2      0.75165180E+02      0.79886001E+02
         577 2      0.90406898E+02      0.61067827E+02
         578 2      0.77424303E+02      0.78593897E+02
         579 2      0.66292750E+02      0.68328132E+02
         580 2      0.61780476E+02      0.65420505E+02
         581 2      0.39433333E+02      0.38946244E+02
         582 2      0.28233848E+02      0.24776843E+02
         583 2      0.71684104E+02      0.83035124E+02
         584 2      0.64197368E+01      0.81000420E+02
         585 2      0.17432755E+02      0.84676416E+02
         586 2      0.42166989E+02      0.33056290E+02
         587 2      0.98700179E+02      0.56240671E+02
         588 2      0.88383960E+02      0.33732540E+02
         589 2      0.87900735E+02      0.24762052E+02
         590 2      0.78675268E+02      0.40670824E+01
         591 2      0.94336832E+02      0.28040053E+02
         592 2      0.44005992E+02      0.35421678E+01
         593 2      0.27996110E+02      0.11391310E+02
         594 2      0.17992022E+02      0.14793852E+02
         595 2      0.13649347E+02      0.17011818E+02
         596 2      0.23172393E+02      0.62697830E-02
         597 2      0.83220252E+02      0.23369120E+02
         598 2      0.69040759E+00      0.45573884E+02
         599 2      0.20470392E+02      0.73444120E+01
         600 2      0.15152059E+02      0.23881286E+02
         601 2      0.10062911E+02      0.22249106E+01
         602 2      0.79163444E+02      0.71137357E+02
         603 2      0.61374893E+02      0.75863781E+02
         604 2      0.33359664E+02      0.65179101E+02
         605 2      0.19919147E+02      0.51076914E+02
         606 2      0.16646775E+02      0.49031783E+02
         607 2      0.33079770E+02      0.87697029E+02
         608 2      0.31926900E+02      0.83705412E+02
         609 2      0.35937550E+02      0.46726320E+02
         610 2      0.49953903E+02      0.22053867E+02
         611 2      0.62764639E+02      0.85678618E+02
         612 2      0.62734158E+02      0.80619975E+02
         613 2      0.28977508E+02      0.40065866E+02
         614 2      0.27635748E+02      0.38540309E+02
         615 2      0.88878419E+02      0.92902165E+02
         616 2      0.90442435E+02      0.89551146E+02
         617 2      0.98488792E+02      0.77354907E+02
         618 2      0.10123208E+02      0.99892329E+02
         619 2      0.22996282E+02      0.87875597E+02
         620 2      0.95230762E+02      0.91690758E+02
         621 2      0.99105590E+02      0.93371556E+02
         622 2      0.65933760E+02      0.93887163E+01
         623 2      0.25311343E+02      0.42760198E+02
         624 2      0.10418203E+02      0.91907863E+02
         625 2      0.93459429E+02      0.95869985E+02
         626 2      0.92013111E+02      0.93488104E+02
         627 2      0.60343800E+02      0.92080899E+01
         628 2      0.88463813E+02      0.35249473E+02
         629 2      0.99735475E+02      0.35379229E+02
         630 2      0.44534605E+02      0.30857851E+01
         631 2      0.74119333E+02      0.64107761E+02
         632 2      0.86277618E+02      0.95535847E+02
         633 2      0.68250639E+02      0.93251667E+01
         634 2      0.81885917E+02      0.16203441E+02
         635 2      0.85795316E+02      0.16142365E+02
         636 2      0.87773341E+02      0.15857051E+02
         637 2      0.50960206E+02      0.54882150E+01
         638 2      0.85179659E+02      0.84991167E+02
         639 2      0.25841053E+02      0.12288226E+02
         640 2      0.22765414E+02      0.38864730E-03
         641 2      0.83052184E+02      0.76865951E+02
         642 2      0.44739209E+01      0.78934129E+02
         643 2      0.22875845E+02      0.83301551E+02
         644 2      0.10619140E+02      0.95636872E+01
         645 2      0.16317131E+02      0.15388334E+02
         646 2      0.26339977E+02      0.91246221E+02
         647 2      0.49453075E+01      0.85043883E+02
         648 2      0.20663582E+02      0.62760123E+02
         649 2      0.43859316E+02      0.21475281E+02
         650 2      0.37976589E+02      0.66609206E+01
         651 2      0.33203083E+02      0.76397493E+00
         652 2      0.89981015E+02      0.42309940E+02
         653 2      0.74385042E+02      0.12449577E+01
         654 2      0.91196463E+02      0.20563097E+02
         655 2      0.31055529E+02      0.10063951E+02
         656 2      0.10241323E+02      0.18919345E+02
         657 2      0.54199504E+02      0.67393031E+01
         658 2      0.64739112E+02      0.11016359E+02
         659 2      0.67862192E+02      0.13251616E+02
         660 2      0.89999344E+02      0.25635839E+02
         661 2      0.29546890E+01      0.65342054E+02
         662 2      0.66124157E+01      0.94348979E+02
         663 2      0.14551310E+02      0.24947457E+02
         664 2      0.33539857E+01      0.39971187E+02
         665 2      0.24184040E+02      0.86933642E+02
         666 2      0.19079260E+02      0.58424754E+02
         667 2      0.16666176E+02      0.49040525E+02
         668 2      0.16082204E+02      0.26376018E+02
         669 2      0.48637533E+02      0.24997667E+02
         670 2      0.78556356E+02      0.69750743E+02
         671 2      0.79475742E+02      0.71004474E+02
         672 2      0.84527207E+02      0.80731976E+02
         673 2      0.86085994E+02      0.91811852E+02
         674 2      0.85668603E+02      0.99378339E+02
         675 2      0.88648774E+02      0.34088043E+02
         676 2      0.67358781E+02      0.79668412E+01
         677 2      0.66499687E+01      0.81244906E+02
         678 2      0.64950708E+02      0.65071509E+02
         679 2      0.88135052E+02      0.25640907E+02
         680 2      0.94705095E+02      0.28645704E+02
         681 2      0.82520421E+02      0.23184950E+02
         682 2      0.89871288E+02      0.90386592E+02
         683 2      0.22775199E+02      0.45305655E+02
         684 2      0.94355837E+02      0.93650058E+02
         685 2      0.89605303E+02      0.35372149E+02
         686 2      0.44944662E+02      0.36880351E+01
         687 2      0.25324068E+02      0.10620154E+02
         688 2      0.22961210E+02      0.71775997E+00
         689 2      0.73457402E+02      0.63070851E+02
         690 2      0.17751503E+02      0.16378638E+02
         691 2      0.44317138E+01      0.80464091E+02
         692 2      0.33549122E+02      0.84259440E+00
         693 2      0.24605232E+02      0.87742517E+02
         694 2      0.16663781E+02      0.49021599E+02
         695 2      0.31337199E+02      0.12715500E+02
         696 2      0.46734517E+02      0.23427275E+02
         697 2      0.85347291E+02      0.87449639E+02
         698 2      0.89768234E+02      0.26171405E+02
         699 2      0.67024536E+01      0.81111397E+02
         700 2      0.83302492E+02      0.23599464E+02
         701 2      0.88925118E+02      0.88798580E+02
*Segmentos
         805
           0           0         569
           1           1         627
           2           2           3
           3           3           4
           4           4         570
           5           5           6
           6           6         571
           7           7           8
           8           8           9
           9           9          10
          10          10          11
          11          11         628
          12          12          13
          13          13         629
          14          15         630
          15          16          17
          16          17         572
          17          18          19
          18          19          20
          19          20          21
          20          21         570
          21          22         571
          22          23          24
          23          24         573
          24          25          26
          25          26          27
          26          27          28
          27          28          29
          28          29         574
          29          30          31
          30          31         575
          31          32          33
          32          33         576
          33          34          35
          34          35          36
          35          36          37
          36          37         632
          37          38          39
          38          40         569
          39          41          42
          40          42         633
          41          43          44
          42          44          45
          43          45         634
          44          46         635
          45          47         636
          46          48          49
          47          49          50
          48          51          52
          49          52          53
          50          53          54
          51          54         577
          52          55          56
          53          56          57
          54          57          58
          55          58          59
          56          59          60
          57          60         573
          58          61          62
          59          62          63
          60          63          64
          61          64          65
          62          65          66
          63          66          67
          64          67         572
          65          68         637
          66          69          70
          67          71          72
          68          72          73
          69          73          74
          70          74         638
          71          75          76
          72          76          77
          73          77         578
          74          78         575
          75          79          80
          76          80         579
          77          81         580
          78          82          83
          79          83          84
          80          84          85
          81          85          86
          82          86          87
          83          87          88
          84          88         581
          85          89          90
          86          90          91
          87          91         582
          88          92          93
          89          93          94
          90          94         639
          91          95          96
          92          96         688
          93          98          99
          94          99         100
          95         100         101
          96         101         641
          97         102         578
          98         103         576
          99         104         583
         100         105         106
         101         106         107
         102         107         108
         103         108         109
         104         109         110
         105         111         112
         106         112         642
         107         113         114
         108         114         115
         109         115         585
         110         116         643
         111         117         118
         112         118         119
         113         119         120
         114         120         121
         115         121         122
         116         122         123
         117         123         124
         118         124         125
         119         125         580
         120         126         127
         121         127         689
         122         128         129
         123         129         130
         124         130         577
         125         131         132
         126         132         133
         127         133         134
         128         135         136
         129         136         137
         130         137         644
         131         138         139
         132         139         645
         133         140         141
         134         141         142
         135         142         582
         136         143         144
         137         144         145
         138         145         586
         139         146         147
         140         147         148
         141         148         149
         142         149         150
         143         150         151
         144         151         152
         145         152         153
         146         153         678
         147         154         579
         148         155         156
         149         156         157
         150         157         583
         151         158         159
         152         159         160
         153         160         161
         154         161         162
         155         163         164
         156         164         165
         157         165         166
         158         166         167
         159         167         646
         160         168         169
         161         169         585
         162         170         171
         163         171         699
         164         172         691
         165         173         174
         166         175         176
         167         176         647
         168         177         677
         169         178         179
         170         179         180
         171         180         181
         172         181         182
         173         182         648
         174         183         184
         175         184         185
         176         185         186
         177         186         187
         178         187         188
         179         188         581
         180         189         586
         181         190         191
         182         191         192
         183         192         649
         184         193         194
         185         194         195
         186         195         650
         187         196         651
         188         197         198
         189         199         587
         190         200         201
         191         201         202
         192         202         652
         193         203         204
         194         204         628
         195         205         206
         196         206         679
         197         207         208
         198         208         635
         199         209         210
         200         210         211
         201         211         590
         202         212         653
         203         214         629
         204         215         680
         205         216         217
         206         217         654
         207         218         636
         208         219         220
         209         220         221
         210         221         222
         211         222         223
         212         224         630
         213         225         592
         214         226         650
         215         227         655
         216         228         593
         217         229         639
         218         230         594
         219         231         645
         220         232         656
         221         233         234
         222         234         235
         223         236         640
         224         237         238
         225         238         651
         226         239         240
         227         240         592
         228         241         637
         229         242         657
         230         243         627
         231         244         658
         232         245         659
         233         246         247
         234         247         248
         235         248         249
         236         249         681
         237         250         589
         238         251         591
         239         252         253
         240         254         255
         241         255         598
         242         256         257
         243         257         258
         244         258         259
         245         259         661
         246         260         261
         247         261         262
         248         262         642
         249         263         647
         250         264         265
         251         265         662
         252         266         267
         253         268         596
         254         269         599
         255         270         271
         256         271         594
         257         272         273
         258         273         600
         259         274         275
         260         275         276
         261         276         277
         262         277         664
         263         278         598
         264         280         281
         265         281         646
         266         282         693
         267         283         643
         268         284         285
         269         285         286
         270         286         287
         271         287         648
         272         288         666
         273         289         290
         274         290         667
         275         291         292
         276         292         293
         277         293         294
         278         294         295
         279         295         668
         280         296         297
         281         297         595
         282         298         644
         283         299         300
         284         300         601
         285         302         303
         286         303         601
         287         304         305
         288         305         599
         289         306         687
         290         307         593
         291         308         695
         292         309         310
         293         310         311
         294         311         649
         295         312         696
         296         313         314
         297         314         315
         298         315         316
         299         316         317
         300         317         318
         301         318         319
         302         319         320
         303         320         321
         304         321         322
         305         322         689
         306         323         670
         307         324         671
         308         325         641
         309         326         672
         310         327         638
         311         328         673
         312         329         632
         313         330         674
         314         332         587
         315         333         334
         316         334         335
         317         335         336
         318         336         337
         319         337         685
         320         338         339
         321         339         340
         322         340         700
         323         341         634
         324         342         343
         325         343         344
         326         344         590
         327         345         346
         328         347         348
         329         348         676
         330         349         633
         331         350         351
         332         351         352
         333         352         353
         334         353         681
         335         354         679
         336         355         680
         337         356         357
         338         357         358
         339         359         360
         340         360         361
         341         361         362
         342         362         363
         343         363         654
         344         364         660
         345         365         366
         346         366         675
         347         367         652
         348         368         369
         349         369         370
         350         370         371
         351         371         372
         352         372         373
         353         373         374
         354         374         671
         355         375         376
         356         376         377
         357         377         378
         358         378         603
         359         379         380
         360         380         381
         361         381         382
         362         382         383
         363         383         384
         364         384         604
         365         385         386
         366         386         387
         367         387         388
         368         388         605
         369         389         667
         370         390         391
         371         391         392
         372         392         664
         373         393         394
         374         395         396
         375         396         397
         376         397         607
         377         398         608
         378         399         400
         379         400         401
         380         401         402
         381         402         604
         382         403         404
         383         404         405
         384         405         609
         385         406         407
         386         407         408
         387         408         409
         388         409         410
         389         410         411
         390         411         669
         391         412         413
         392         413         414
         393         414         657
         394         415         416
         395         416         417
         396         418         419
         397         419         420
         398         420         611
         399         421         612
         400         422         603
         401         423         424
         402         424         425
         403         425         426
         404         426         427
         405         427         428
         406         428         429
         407         429         430
         408         430         609
         409         431         432
         410         432         613
         411         433         614
         412         434         435
         413         435         436
         414         436         668
         415         437         663
         416         438         656
         417         439         440
         418         440         441
         419         441         442
         420         442         443
         421         444         674
         422         445         615
         423         446         682
         424         447         448
         425         448         449
         426         449         617
         427         451         618
         428         452         453
         429         453         454
         430         454         619
         431         455         456
         432         456         608
         433         457         458
         434         458         459
         435         459         460
         436         460         461
         437         461         462
         438         462         612
         439         463         464
         440         464         465
         441         465         466
         442         466         467
         443         467         697
         444         468         701
         445         469         620
         446         470         621
         447         472         653
         448         473         474
         449         474         676
         450         475         658
         451         476         477
         452         477         478
         453         478         479
         454         479         610
         455         480         481
         456         481         482
         457         482         483
         458         483         484
         459         484         613
         460         485         623
         461         486         683
         462         487         605
         463         488         489
         464         489         666
         465         490         491
         466         491         492
         467         492         493
         468         493         494
         469         494         495
         470         495         496
         471         496         624
         472         497         618
         473         499         625
         474         500         684
         475         501         502
         476         502         503
         477         503         617
         478         504         505
         479         506         621
         480         507         684
         481         508         615
         482         509         510
         483         510         511
         484         511         512
         485         512         513
         486         513         611
         487         514         515
         488         515         516
         489         516         517
         490         517         518
         491         518         519
         492         519         607
         493         520         521
         494         521         693
         495         522         523
         496         523         524
         497         524         624
         498         525         662
         499         526         527
         500         528         529
         501         529         661
         502         530         531
         503         531         532
         504         532         533
         505         533         606
         506         534         535
         507         535         683
         508         536         614
         509         537         538
         510         538         539
         511         539         540
         512         540         541
         513         541         542
         514         542         695
         515         543         544
         516         544         692
         517         546         625
         518         547         626
         519         548         682
         520         549         550
         521         550         672
         522         551         552
         523         552         602
         524         553         554
         525         554         555
         526         555         556
         527         556         557
         528         557         558
         529         558         559
         530         559         560
         531         560         561
         532         561         562
         533         562         563
         534         563         564
         535         564         659
         536         565         622
         537         566         567
         538         567         568
         539         569           1
         540         569          41
         541         570           5
         542         570          22
         543         571           7
         544         571          23
         545         572          18
         546         572          68
         547         573          25
         548         573          61
         549         574         631
         550         574         128
         551         575          32
         552         575          79
         553         576          34
         554         576         104
         555         577          55
         556         577         131
         557         578          78
         558         578         103
         559         579          81
         560         579         155
         561         580          82
         562         580         678
         563         581          89
         564         581         189
         565         582          92
         566         582         143
         567         583         105
         568         583         158
         569         584         677
         570         584         172
         571         585         116
         572         585         170
         573         586         146
         574         586         190
         575         587         200
         576         587         333
         577         588         205
         578         588         338
         579         589         207
         580         589         660
         581         590         212
         582         590         345
         583         591         216
         584         591         252
         585         592         226
         586         592         686
         587         593         229
         588         593         308
         589         594         231
         590         594         690
         591         595         232
         592         595         298
         593         596         237
         594         596         688
         595         597         250
         596         597         341
         597         598         256
         598         598         279
         599         599         270
         600         599         306
         601         600         663
         602         600         296
         603         601         301
         604         601         304
         605         602         375
         606         602         670
         607         603         379
         608         603         423
         609         604         385
         610         604         403
         611         605         389
         612         605         488
         613         606         390
         614         606         694
         615         607         398
         616         607         520
         617         608         399
         618         608         457
         619         609         406
         620         609         431
         621         610         412
         622         610         696
         623         611         421
         624         611         514
         625         612         422
         626         612         463
         627         613         433
         628         613         485
         629         614         434
         630         614         537
         631         615         446
         632         615         673
         633         616         447
         634         616         469
         635         617         450
         636         617         504
         637         618         452
         638         618         498
         639         619         665
         640         619         522
         641         620         470
         642         620         501
         643         621         471
         644         621         507
         645         622         475
         646         622         566
         647         623         486
         648         623         536
         649         624         497
         650         624         525
         651         625         500
         652         625         547
         653         626         508
         654         626         548
         655         627           2
         656         627         244
         657         628         685
         658         628         588
         659         629          14
         660         629         215
         661         630         686
         662         630         225
         663         631          30
         664         631         323
         665         632          38
         666         632         330
         667         633          43
         668         633         350
         669         634          46
         670         634         342
         671         635          47
         672         635         209
         673         636          48
         674         636         219
         675         637          69
         676         637         242
         677         638          75
         678         638         697
         679         639         687
         680         639         230
         681         640          97
         682         640         596
         683         641         102
         684         641         326
         685         642         584
         686         642         691
         687         643         117
         688         643         284
         689         644         138
         690         644         299
         691         645         690
         692         645         595
         693         646         168
         694         646         282
         695         647         177
         696         647         264
         697         648         183
         698         648         288
         699         649         193
         700         649         312
         701         650         196
         702         650         227
         703         651         197
         704         651         692
         705         652         203
         706         652         368
         707         653         213
         708         653         473
         709         654         218
         710         654         364
         711         655         228
         712         655         543
         713         656         233
         714         656         439
         715         657         243
         716         657         415
         717         658         245
         718         658         476
         719         659         246
         720         659         565
         721         660         251
         722         660         698
         723         661         260
         724         661         530
         725         662         266
         726         662         526
         727         663         274
         728         663         438
         729         664         278
         730         664         393
         731         665         283
         732         665         455
         733         666         289
         734         666         490
         735         667         694
         736         667         606
         737         668         600
         738         668         437
         739         669         313
         740         669         610
         741         670         324
         742         670         553
         743         671         325
         744         671         602
         745         672         327
         746         672         551
         747         673         329
         748         673         509
         749         674         331
         750         674         445
         751         675         588
         752         675         367
         753         676         349
         754         676         622
         755         677         113
         756         677         699
         757         678         126
         758         678         154
         759         679         589
         760         679         698
         761         680         591
         762         680         356
         763         681         597
         764         681         700
         765         682         616
         766         682         701
         767         683         487
         768         683         623
         769         684         620
         770         684         626
         771         685          12
         772         685         675
         773         686          16
         774         686         241
         775         687          95
         776         687         307
         777         688         640
         778         688         269
         779         689         574
         780         689         631
         781         690         140
         782         690         272
         783         691         173
         784         691         263
         785         692         239
         786         692         545
         787         693         665
         788         693         619
         789         694         291
         790         694         534
         791         695         309
         792         695         655
         793         696         669
         794         696         480
         795         697         328
         796         697         468
         797         698         355
         798         698         365
         799         699         584
         800         699         178
         801         700         597
         802         700         354
         803         701         616
         804         701         549
*Fibras
          30
           0      0.50000000E+01      0.10000000E+01      0.34906585E+00          21           0         539           1         655           2           3           4         541           5           6         543           7           8           9          10          11         657         771          12          13         659
           1      0.50000000E+01      0.10000000E+01      0.34906585E+00          35          14         661         773          15          16         545          17          18          19          20         542          21         544          22          23         547          24          25          26          27          28         549         663          29          30         551          31          32         553          33          34          35          36         665          37
           2      0.50000000E+01      0.10000000E+01      0.34906585E+00          15          38         540          39          40         667          41          42          43         669          44         671          45         673          46          47
           3      0.50000000E+01      0.10000000E+01      0.34906585E+00          23          48          49          50          51         555          52          53          54          55          56          57         548          58          59          60          61          62          63          64         546          65         675          66
           4      0.50000000E+01      0.10000000E+01      0.34906585E+00          37          67          68          69          70         677          71          72          73         557          74         552          75          76         559          77         561          78          79          80          81          82          83          84         563          85          86          87         565          88          89          90         679         775          91          92         777         681
           5      0.50000000E+01      0.10000000E+01      0.34906585E+00          16          93          94          95          96         683          97         558          98         554          99         567         100         101         102         103         104
           6      0.50000000E+01      0.10000000E+01      0.34906585E+00          33         105         106         685         569         755         107         108         109         571         110         687         111         112         113         114         115         116         117         118         119         562         757         120         121         779         550         122         123         124         556         125         126         127
           7      0.50000000E+01      0.10000000E+01      0.34906585E+00          35         128         129         130         689         131         132         691         781         133         134         135         566         136         137         138         573         139         140         141         142         143         144         145         146         758         147         560         148         149         150         568         151         152         153         154
           8      0.50000000E+01      0.10000000E+01      0.34906585E+00          16         155         156         157         158         159         693         160         161         572         162         163         799         570         164         783         165
           9      0.50000000E+01      0.10000000E+01      0.34906585E+00          32         166         167         695         168         756         800         169         170         171         172         173         697         174         175         176         177         178         179         564         180         574         181         182         183         699         184         185         186         701         187         703         188
          10      0.50000000E+01      0.10000000E+01      0.34906585E+00          23         189         575         190         191         192         705         193         194         658         577         195         196         759         579         197         198         672         199         200         201         581         202         707
          11      0.50000000E+01      0.10000000E+01      0.34906585E+00          14         203         660         204         761         583         205         206         709         207         674         208         209         210         211
          12      0.50000000E+01      0.10000000E+01      0.34906585E+00          21         212         662         213         585         214         702         215         711         216         587         217         680         218         589         219         692         591         220         713         221         222
          13      0.50000000E+01      0.10000000E+01      0.34906585E+00          33         223         682         593         224         225         704         785         226         227         586         774         228         676         229         715         230         656         231         717         232         719         233         234         235         236         763         595         237         580         721         238         584         239
          14      0.50000000E+01      0.10000000E+01      0.34906585E+00          19         240         241         597         242         243         244         245         723         246         247         248         686         784         249         696         250         251         725         252
          15      0.50000000E+01      0.10000000E+01      0.34906585E+00          20         253         594         778         254         599         255         256         590         782         257         258         601         727         259         260         261         262         729         263         598
          16      0.50000000E+01      0.10000000E+01      0.34906585E+00          34         264         265         694         266         787         731         267         688         268         269         270         271         698         272         733         273         274         735         789         275         276         277         278         279         737         602         280         281         592         282         690         283         284         603
          17      0.50000000E+01      0.10000000E+01      0.34906585E+00          48         285         286         604         287         288         600         289         776         290         588         291         791         292         293         294         700         295         793         739         296         297         298         299         300         301         302         303         304         305         780         664         306         741         307         743         308         684         309         745         310         678         795         311         747         312         666         313         749
          18      0.50000000E+01      0.10000000E+01      0.34906585E+00          22         314         576         315         316         317         318         319         772         751         578         320         321         322         801         596         323         670         324         325         326         582         327
          19      0.50000000E+01      0.10000000E+01      0.34906585E+00          18         328         329         753         330         668         331         332         333         334         764         802         335         760         797         336         762         337         338
          20      0.50000000E+01      0.10000000E+01      0.34906585E+00          48         339         340         341         342         343         710         344         722         798         345         346         752         347         706         348         349         350         351         352         353         354         744         605         355         356         357         358         607         359         360         361         362         363         364         609         365         366         367         368         611         369         736         613         370         371         372         730         373
          21      0.50000000E+01      0.10000000E+01      0.34906585E+00          29         374         375         376         615         377         617         378         379         380         381         610         382         383         384         619         385         386         387         388         389         390         740         621         391         392         393         716         394         395
          22      0.50000000E+01      0.10000000E+01      0.34906585E+00          34         396         397         398         623         399         625         400         608         401         402         403         404         405         406         407         408         620         409         410         627         411         629         412         413         414         738         415         728         416         714         417         418         419         420
          23      0.50000000E+01      0.10000000E+01      0.34906585E+00          11         421         750         422         631         423         765         633         424         425         426         635
          24      0.50000000E+01      0.10000000E+01      0.34906585E+00          30         427         637         428         429         430         639         732         431         432         618         433         434         435         436         437         438         626         439         440         441         442         443         796         444         803         634         445         641         446         643
          25      0.50000000E+01      0.10000000E+01      0.34906585E+00          39         447         708         448         449         754         645         450         718         451         452         453         454         622         794         455         456         457         458         459         628         460         647         461         767         462         612         463         464         734         465         466         467         468         469         470         471         649         472         638
          26      0.50000000E+01      0.10000000E+01      0.34906585E+00          10         473         651         474         769         642         475         476         477         636         478
          27      0.50000000E+01      0.10000000E+01      0.34906585E+00          32         479         644         480         770         653         481         632         748         482         483         484         485         486         624         487         488         489         490         491         492         616         493         494         788         640         495         496         497         650         498         726         499
          28      0.50000000E+01      0.10000000E+01      0.34906585E+00          26         500         501         724         502         503         504         505         614         790         506         507         768         648         508         630         509         510         511         512         513         514         792         712         515         516         786
          29      0.50000000E+01      0.10000000E+01      0.34906585E+00          31         517         652         518         654         519         766         804         520         521         746         522         523         606         742         524         525         526         527         528         529         530         531         532         533         534         535         720         536         646         537         538
*Capas
           3
           0          10           0           1           2           3           4           5           6           7           8           9
           1          10          10          11          12          13          14          15          16          17          18          19
           2          10          20          21          22          23          24          25          26          27          28          29
