*Parametros (L) 
   1.00000000e+00
*Coordenadas 
775
     0 1  +1.00000000e+00  +5.14502192e-01
     1 0  +9.87910246e-01  +5.63018559e-01
     2 0  +9.90811692e-01  +6.12934304e-01
     3 0  +9.88774789e-01  +6.62892797e-01
     4 0  +9.99708035e-01  +7.11682797e-01
     5 0  +9.97698494e-01  +7.61642398e-01
     6 1  +1.00000000e+00  +7.92785148e-01
     7 1  +3.87950117e-01  +0.00000000e+00
     8 0  +3.47717021e-01  +2.96866636e-02
     9 0  +3.18419870e-01  +7.02042762e-02
    10 0  +2.90410277e-01  +1.11622421e-01
    11 0  +2.52229679e-01  +1.43906193e-01
    12 0  +2.08738181e-01  +1.68573775e-01
    13 0  +1.70242637e-01  +2.00481345e-01
    14 0  +1.30341827e-01  +2.30613146e-01
    15 0  +8.70822833e-02  +2.55685279e-01
    16 0  +4.40688155e-02  +2.81177270e-01
    17 0  +2.23815498e-03  +3.08566973e-01
    18 1  +2.30284541e-16  +3.10324174e-01
    19 1  +6.75676009e-01  +1.00000000e+00
    20 0  +6.55921754e-01  +9.54067774e-01
    21 0  +6.33581444e-01  +9.09336235e-01
    22 0  +6.01927179e-01  +8.70632134e-01
    23 0  +5.63469050e-01  +8.38679476e-01
    24 0  +5.28846555e-01  +8.02606178e-01
    25 0  +4.87511280e-01  +7.74474433e-01
    26 0  +4.50147730e-01  +7.41248462e-01
    27 0  +4.16363802e-01  +7.04388643e-01
    28 0  +3.87172629e-01  +6.63794612e-01
    29 0  +3.50794607e-01  +6.29492433e-01
    30 0  +3.17872593e-01  +5.91860783e-01
    31 0  +2.93331096e-01  +5.48298014e-01
    32 0  +2.74729236e-01  +5.01887123e-01
    33 0  +2.44320558e-01  +4.62196918e-01
    34 0  +2.23097782e-01  +4.16924479e-01
    35 0  +2.15216351e-01  +3.67549556e-01
    36 0  +1.92770737e-01  +3.22870764e-01
    37 0  +1.72689934e-01  +2.77080357e-01
    38 0  +1.63284986e-01  +2.27972853e-01
    39 0  +1.43976645e-01  +1.81851405e-01
    40 0  +1.12155741e-01  +1.43284191e-01
    41 0  +7.27503834e-02  +1.12507287e-01
    42 0  +3.58756312e-02  +7.87396593e-02
    43 1  -2.01227923e-16  +5.81551230e-02
    44 1  +0.00000000e+00  +3.86348580e-01
    45 0  +4.75504119e-02  +3.70890303e-01
    46 0  +9.69424231e-02  +3.63116679e-01
    47 0  +1.44407858e-01  +3.47399413e-01
    48 0  +1.94125975e-01  +3.42097636e-01
    49 0  +2.43262268e-01  +3.32844269e-01
    50 0  +2.92102371e-01  +3.22137061e-01
    51 0  +3.41929655e-01  +3.26289377e-01
    52 0  +3.91918319e-01  +3.25224726e-01
    53 0  +4.41871246e-01  +3.23055609e-01
    54 0  +4.89337663e-01  +3.07341306e-01
    55 0  +5.32614645e-01  +2.82299285e-01
    56 0  +5.74183892e-01  +2.54514439e-01
    57 0  +6.18693819e-01  +2.31735798e-01
    58 0  +6.61587256e-01  +2.06042354e-01
    59 0  +6.99410137e-01  +1.73340219e-01
    60 0  +7.39059098e-01  +1.42877785e-01
    61 0  +7.74766577e-01  +1.07878129e-01
    62 0  +8.05047683e-01  +6.80905101e-02
    63 0  +8.29826558e-01  +2.46623239e-02
    64 1  +8.44078334e-01  -1.83880688e-16
    65 1  +3.74884330e-02  +0.00000000e+00
    66 0  +2.33138355e-02  +4.79487308e-02
    67 1  -1.24900090e-16  +9.17333166e-02
    68 1  +0.00000000e+00  +4.71447505e-01
    69 0  +9.51095177e-03  +4.22360421e-01
    70 0  +6.33079136e-03  +3.72461658e-01
    71 0  +1.27834678e-02  +3.22879776e-01
    72 0  +7.86000635e-03  +2.73122772e-01
    73 1  -1.76941795e-16  +2.50449110e-01
    74 1  +9.48307249e-01  +1.00000000e+00
    75 0  +8.98416323e-01  +9.96699171e-01
    76 1  +8.76866720e-01  +1.00000000e+00
    77 1  +6.36241521e-01  +1.00000000e+00
    78 0  +5.89358982e-01  +9.82621059e-01
    79 0  +5.49286822e-01  +9.52717514e-01
    80 0  +5.12646335e-01  +9.18695834e-01
    81 0  +4.80179059e-01  +8.80671159e-01
    82 0  +4.40067315e-01  +8.50820732e-01
    83 0  +4.09561687e-01  +8.11204994e-01
    84 0  +3.85010708e-01  +7.67647567e-01
    85 0  +3.59637775e-01  +7.24563762e-01
    86 0  +3.38491069e-01  +6.79255740e-01
    87 0  +3.11231876e-01  +6.37339915e-01
    88 0  +2.92237530e-01  +5.91088268e-01
    89 0  +2.75626941e-01  +5.43928027e-01
    90 0  +2.58902064e-01  +4.96808196e-01
    91 0  +2.30178022e-01  +4.55882295e-01
    92 0  +1.98105347e-01  +4.17524199e-01
    93 0  +1.56662845e-01  +3.89550657e-01
    94 0  +1.15445577e-01  +3.61246297e-01
    95 0  +7.73088844e-02  +3.28910671e-01
    96 0  +3.27014284e-02  +3.06323620e-01
    97 1  -5.06539255e-16  +2.87137079e-01
    98 1  +1.00000000e+00  +9.60529432e-02
    99 0  +9.50038199e-01  +9.40988529e-02
   100 0  +9.00657396e-01  +8.62543469e-02
   101 0  +8.50759631e-01  +8.30585626e-02
   102 0  +8.01677965e-01  +9.25974341e-02
   103 0  +7.51793598e-01  +8.91989205e-02
   104 0  +7.02550383e-01  +9.78652788e-02
   105 0  +6.52785699e-01  +1.02710511e-01
   106 0  +6.04720569e-01  +1.16485244e-01
   107 0  +5.54731356e-01  +1.15446711e-01
   108 0  +5.04871583e-01  +1.11704639e-01
   109 0  +4.55050718e-01  +1.07475998e-01
   110 0  +4.05114668e-01  +1.10004019e-01
   111 0  +3.56814006e-01  +9.70793910e-02
   112 0  +3.07416265e-01  +8.93422619e-02
   113 0  +2.58859975e-01  +7.74138599e-02
   114 0  +2.09795757e-01  +6.77856492e-02
   115 0  +1.63219090e-01  +4.96028506e-02
   116 0  +1.22126524e-01  +2.11177500e-02
   117 1  +7.97419256e-02  -1.73472348e-17
   118 1  +1.00000000e+00  +4.35119987e-01
   119 0  +9.75788949e-01  +4.78867272e-01
   120 0  +9.56893182e-01  +5.25159280e-01
   121 0  +9.48822813e-01  +5.74503673e-01
   122 0  +9.46127213e-01  +6.24430958e-01
   123 0  +9.57080765e-01  +6.73216403e-01
   124 0  +9.68290403e-01  +7.21943644e-01
   125 0  +9.86663786e-01  +7.68445459e-01
   126 1  +1.00000000e+00  +7.93195375e-01
   127 1  +1.00000000e+00  +6.93659547e-01
   128 0  +9.92869499e-01  +6.44170599e-01
   129 0  +9.77074227e-01  +5.96731065e-01
   130 0  +9.73544522e-01  +5.46855809e-01
   131 0  +9.85088239e-01  +4.98206630e-01
   132 0  +9.93693134e-01  +4.48952638e-01
   133 1  +1.00000000e+00  +4.36688924e-01
   134 1  +8.20475152e-01  +0.00000000e+00
   135 0  +7.83956797e-01  +3.41527415e-02
   136 0  +7.39024887e-01  +5.60872674e-02
   137 0  +6.99185134e-01  +8.62997497e-02
   138 0  +6.53636472e-01  +1.06923023e-01
   139 0  +6.10921187e-01  +1.32911568e-01
   140 0  +5.75867138e-01  +1.68565651e-01
   141 0  +5.44043755e-01  +2.07130820e-01
   142 0  +5.23242204e-01  +2.52598341e-01
   143 0  +5.13228148e-01  +3.01585265e-01
   144 0  +4.92554420e-01  +3.47111049e-01
   145 0  +4.73705331e-01  +3.93422082e-01
   146 0  +4.69486885e-01  +4.43243812e-01
   147 0  +4.73370797e-01  +4.93092736e-01
   148 0  +4.86811094e-01  +5.41252454e-01
   149 0  +5.03421131e-01  +5.88412889e-01
   150 0  +5.21635092e-01  +6.34977378e-01
   151 0  +5.34945176e-01  +6.83173246e-01
   152 0  +5.48064871e-01  +7.31421288e-01
   153 0  +5.59840250e-01  +7.80014914e-01
   154 0  +5.65947182e-01  +8.29640566e-01
   155 0  +5.78784188e-01  +8.77964590e-01
   156 0  +5.86612822e-01  +9.27347912e-01
   157 0  +5.84803041e-01  +9.77315148e-01
   158 1  +5.85083814e-01  +1.00000000e+00
   159 1  +0.00000000e+00  +4.07558707e-01
   160 0  +4.19884379e-02  +4.34705918e-01
   161 0  +8.43860328e-02  +4.61209577e-01
   162 0  +1.20478016e-01  +4.95812594e-01
   163 0  +1.55717252e-01  +5.31283655e-01
   164 0  +1.89372012e-01  +5.68261448e-01
   165 0  +2.23493365e-01  +6.04809133e-01
   166 0  +2.59380547e-01  +6.39624506e-01
   167 0  +3.03971766e-01  +6.62243593e-01
   168 0  +3.42737160e-01  +6.93822767e-01
   169 0  +3.79226370e-01  +7.28006646e-01
   170 0  +4.09192851e-01  +7.68031763e-01
   171 0  +4.30828280e-01  +8.13108456e-01
   172 0  +4.62419321e-01  +8.51864180e-01
   173 0  +4.91831161e-01  +8.92298617e-01
   174 0  +5.09248796e-01  +9.39166793e-01
   175 0  +5.37568391e-01  +9.80373596e-01
   176 1  +5.54668447e-01  +1.00000000e+00
   177 1  +0.00000000e+00  +3.55703458e-01
   178 0  +1.37791138e-02  +3.07639583e-01
   179 0  +3.90612787e-02  +2.64502452e-01
   180 0  +7.00078006e-02  +2.25230161e-01
   181 0  +1.07355149e-01  +1.91985980e-01
   182 0  +1.51579106e-01  +1.68656994e-01
   183 0  +1.99353102e-01  +1.53904186e-01
   184 0  +2.45441561e-01  +1.34517233e-01
   185 0  +2.89105527e-01  +1.10156239e-01
   186 0  +3.29171080e-01  +8.02438427e-02
   187 0  +3.67049762e-01  +4.76063570e-02
   188 0  +4.11781314e-01  +2.52660736e-02
   189 1  +4.44581819e-01  -1.07552856e-16
   190 1  +2.06386518e-01  +0.00000000e+00
   191 0  +2.41986222e-01  +3.51092730e-02
   192 0  +2.86057434e-01  +5.87255437e-02
   193 0  +3.27121256e-01  +8.72520675e-02
   194 0  +3.73542001e-01  +1.05829322e-01
   195 0  +4.13718551e-01  +1.35592469e-01
   196 0  +4.57342718e-01  +1.60024661e-01
   197 0  +4.99335850e-01  +1.87164610e-01
   198 0  +5.33476405e-01  +2.23694358e-01
   199 0  +5.73324288e-01  +2.53896117e-01
   200 0  +6.20237055e-01  +2.71193292e-01
   201 0  +6.68628731e-01  +2.83772865e-01
   202 0  +7.18524901e-01  +2.86993473e-01
   203 0  +7.66121761e-01  +3.02308135e-01
   204 0  +8.16070156e-01  +3.04579232e-01
   205 0  +8.64718540e-01  +2.93032167e-01
   206 0  +9.14324764e-01  +2.86769377e-01
   207 0  +9.59653636e-01  +2.65667403e-01
   208 1  +1.00000000e+00  +2.58119341e-01
   209 1  +9.81488236e-01  +0.00000000e+00
   210 0  +9.32892382e-01  +1.17661793e-02
   211 0  +8.83474046e-01  +1.93706595e-02
   212 0  +8.33677211e-01  +1.48678560e-02
   213 0  +7.84074184e-01  +2.11559155e-02
   214 0  +7.34788151e-01  +2.95753547e-02
   215 0  +6.86739076e-01  +4.34059879e-02
   216 0  +6.37704737e-01  +5.31852283e-02
   217 0  +5.87707378e-01  +5.36991368e-02
   218 0  +5.39375359e-01  +6.65060088e-02
   219 0  +4.91159410e-01  +7.97431613e-02
   220 0  +4.42402017e-01  +9.08209152e-02
   221 0  +3.99292916e-01  +1.16150847e-01
   222 0  +3.63028227e-01  +1.50572822e-01
   223 0  +3.30237741e-01  +1.88319133e-01
   224 0  +3.00231079e-01  +2.28314135e-01
   225 0  +2.64670773e-01  +2.63463313e-01
   226 0  +2.23233708e-01  +2.91444908e-01
   227 0  +1.91654597e-01  +3.30210353e-01
   228 0  +1.59200838e-01  +3.68246566e-01
   229 0  +1.24038842e-01  +4.03794197e-01
   230 0  +9.00582755e-02  +4.40472816e-01
   231 0  +4.71582310e-02  +4.66155226e-01
   232 0  +8.44737411e-03  +4.97801230e-01
   233 1  -1.68268177e-16  +5.03920096e-01
   234 1  +1.00000000e+00  +7.43321003e-02
   235 0  +9.50609248e-01  +6.65504816e-02
   236 0  +9.00609253e-01  +6.65266843e-02
   237 0  +8.52497709e-01  +5.29149515e-02
   238 0  +8.06460814e-01  +3.34058683e-02
   239 0  +7.67535432e-01  +2.02411154e-03
   240 1  +7.65445733e-01  -2.08600498e-16
   241 1  +0.00000000e+00  +3.52359128e-02
   242 0  +4.75762935e-02  +1.98574767e-02
   243 0  +9.38255850e-02  +8.57396792e-04
   244 1  +9.52302159e-02  -1.59377719e-17
   245 1  +1.81630176e-01  +1.00000000e+00
   246 0  +2.25577470e-01  +9.76153922e-01
   247 0  +2.61695802e-01  +9.41578410e-01
   248 0  +3.04590492e-01  +9.15887058e-01
   249 0  +3.44601484e-01  +8.85901720e-01
   250 0  +3.91445493e-01  +8.68419189e-01
   251 0  +4.37706245e-01  +8.49447032e-01
   252 0  +4.76884296e-01  +8.18381289e-01
   253 0  +5.13910914e-01  +7.84780255e-01
   254 0  +5.53935590e-01  +7.54813183e-01
   255 0  +5.86566276e-01  +7.16928644e-01
   256 0  +6.09255774e-01  +6.72373210e-01
   257 0  +6.34547515e-01  +6.29241692e-01
   258 0  +6.45695511e-01  +5.80500312e-01
   259 0  +6.65658268e-01  +5.34658318e-01
   260 0  +6.83765494e-01  +4.88052220e-01
   261 0  +6.98514929e-01  +4.40277184e-01
   262 0  +7.08789761e-01  +3.91344292e-01
   263 0  +7.22606290e-01  +3.43291160e-01
   264 0  +7.49511780e-01  +3.01147423e-01
   265 0  +7.63864250e-01  +2.53251634e-01
   266 0  +7.90770323e-01  +2.11108268e-01
   267 0  +8.17346621e-01  +1.68756168e-01
   268 0  +8.47068457e-01  +1.28549049e-01
   269 0  +8.72333560e-01  +8.54019220e-02
   270 0  +8.98724898e-01  +4.29343191e-02
   271 0  +9.34085859e-01  +7.58460310e-03
   272 1  +9.47045077e-01  -1.62196645e-16
   273 1  +0.00000000e+00  +7.15316351e-02
   274 0  +3.17189777e-02  +3.28805490e-02
   275 1  +6.30886480e-02  -2.08166817e-17
   276 1  +8.14699510e-01  +0.00000000e+00
   277 0  +8.36375762e-01  +4.50570764e-02
   278 0  +8.52151751e-01  +9.25030264e-02
   279 0  +8.78248874e-01  +1.35152061e-01
   280 0  +8.91088706e-01  +1.83475334e-01
   281 0  +8.94431579e-01  +2.33363461e-01
   282 0  +9.00871321e-01  +2.82947024e-01
   283 0  +9.19669000e-01  +3.29278948e-01
   284 0  +9.47697500e-01  +3.70684301e-01
   285 0  +9.82590574e-01  +4.06495939e-01
   286 1  +1.00000000e+00  +4.32295779e-01
   287 1  +1.00000000e+00  +7.49844764e-01
   288 0  +9.50388979e-01  +7.56069438e-01
   289 0  +9.01182406e-01  +7.47197395e-01
   290 0  +8.53622405e-01  +7.31768645e-01
   291 0  +8.04806061e-01  +7.20953631e-01
   292 0  +7.59040719e-01  +7.00815767e-01
   293 0  +7.12917678e-01  +6.81511233e-01
   294 0  +6.66889584e-01  +6.61981396e-01
   295 0  +6.20428633e-01  +6.43504923e-01
   296 0  +5.73038735e-01  +6.27561348e-01
   297 0  +5.25520414e-01  +6.12004705e-01
   298 0  +4.77950553e-01  +5.96606381e-01
   299 0  +4.28118095e-01  +5.92516632e-01
   300 0  +3.79000068e-01  +6.01866468e-01
   301 0  +3.31681048e-01  +6.18019187e-01
   302 0  +2.85688140e-01  +6.37631747e-01
   303 0  +2.43826275e-01  +6.64973733e-01
   304 0  +1.96877666e-01  +6.82173389e-01
   305 0  +1.49337679e-01  +6.97663695e-01
   306 0  +1.06300262e-01  +7.23115233e-01
   307 0  +6.97275866e-02  +7.57209799e-01
   308 0  +2.66468709e-02  +7.82587977e-01
   309 1  +5.89805982e-17  +8.00693514e-01
   310 1  +3.49868240e-01  +0.00000000e+00
   311 0  +3.01061761e-01  +1.08594459e-02
   312 0  +2.51975611e-01  +2.03752156e-02
   313 0  +2.04022460e-01  +3.45348549e-02
   314 0  +1.59657907e-01  +5.75953490e-02
   315 0  +1.18393059e-01  +8.58302983e-02
   316 0  +7.61634253e-02  +1.12600767e-01
   317 0  +3.50620605e-02  +1.41073172e-01
   318 1  -1.45716772e-16  +1.59860646e-01
   319 1  +1.00000000e+00  +1.95419591e-01
   320 0  +9.59173577e-01  +1.66554332e-01
   321 0  +9.27958610e-01  +1.27495071e-01
   322 0  +9.09020832e-01  +8.12202345e-02
   323 0  +8.83779491e-01  +3.80592021e-02
   324 0  +8.48641771e-01  +2.48757491e-03
   325 1  +8.47009052e-01  -1.66099773e-16
   326 1  +1.28978003e-01  +1.00000000e+00
   327 0  +9.69520861e-02  +9.61602857e-01
   328 0  +6.61823486e-02  +9.22191903e-01
   329 0  +2.83388605e-02  +8.89513617e-01
   330 1  -2.77555756e-17  +8.53888742e-01
   331 1  +1.00000000e+00  +6.28347063e-02
   332 0  +9.83796238e-01  +1.10136272e-01
   333 0  +9.78630868e-01  +1.59868746e-01
   334 0  +9.65981351e-01  +2.08242186e-01
   335 0  +9.44958712e-01  +2.53607907e-01
   336 0  +9.30102393e-01  +3.01349815e-01
   337 0  +9.03461111e-01  +3.43661067e-01
   338 0  +8.75936373e-01  +3.85402999e-01
   339 0  +8.47618036e-01  +4.26610665e-01
   340 0  +8.14008760e-01  +4.63629803e-01
   341 0  +7.76305860e-01  +4.96470195e-01
   342 0  +7.33952141e-01  +5.23043912e-01
   343 0  +7.00946459e-01  +5.60602200e-01
   344 0  +6.80519886e-01  +6.06239412e-01
   345 0  +6.54761107e-01  +6.49093645e-01
   346 0  +6.26316226e-01  +6.90214062e-01
   347 0  +5.93366203e-01  +7.27821189e-01
   348 0  +5.53341554e-01  +7.57788296e-01
   349 0  +5.13972225e-01  +7.88611273e-01
   350 0  +4.83438491e-01  +8.28205352e-01
   351 0  +4.46113060e-01  +8.61474139e-01
   352 0  +4.17887107e-01  +9.02745141e-01
   353 0  +3.92060314e-01  +9.45558419e-01
   354 0  +3.68636282e-01  +9.89732107e-01
   355 1  +3.63498642e-01  +1.00000000e+00
   356 1  +8.32266239e-01  +1.00000000e+00
   357 0  +8.48436426e-01  +9.52686946e-01
   358 0  +8.59300171e-01  +9.03881423e-01
   359 0  +8.70502621e-01  +8.55152529e-01
   360 0  +8.95389711e-01  +8.11786267e-01
   361 0  +9.15206022e-01  +7.65880779e-01
   362 0  +9.29691118e-01  +7.18024933e-01
   363 0  +9.42228377e-01  +6.69622276e-01
   364 0  +9.65219725e-01  +6.25221850e-01
   365 0  +9.94373403e-01  +5.84600881e-01
   366 1  +1.00000000e+00  +5.78817007e-01
   367 1  +6.10176823e-02  +1.00000000e+00
   368 0  +5.58561195e-02  +9.50267131e-01
   369 0  +4.82979097e-02  +9.00841698e-01
   370 0  +3.43053429e-02  +8.52839530e-01
   371 0  +2.56007920e-02  +8.03603052e-01
   372 0  +1.96020965e-02  +7.53964200e-01
   373 0  +8.84200765e-03  +7.05135719e-01
   374 0  +1.19589388e-02  +6.55232966e-01
   375 0  +1.05068700e-02  +6.05254056e-01
   376 1  -7.97972799e-17  +5.66086203e-01
   377 1  +9.98792604e-02  +0.00000000e+00
   378 0  +9.56759871e-02  +4.98230117e-02
   379 0  +1.05924678e-01  +9.87613845e-02
   380 0  +1.13447754e-01  +1.48192178e-01
   381 0  +1.33453165e-01  +1.94015573e-01
   382 0  +1.62344488e-01  +2.34823556e-01
   383 0  +1.93808884e-01  +2.73682168e-01
   384 0  +2.26318806e-01  +3.11670390e-01
   385 0  +2.61901439e-01  +3.46796964e-01
   386 0  +2.92848202e-01  +3.86069064e-01
   387 0  +3.25127973e-01  +4.24253045e-01
   388 0  +3.52293415e-01  +4.66229690e-01
   389 0  +3.90892848e-01  +4.98011505e-01
   390 0  +4.29749239e-01  +5.29478646e-01
   391 0  +4.65599598e-01  +5.64331935e-01
   392 0  +5.02665970e-01  +5.97889110e-01
   393 0  +5.33546874e-01  +6.37213019e-01
   394 0  +5.61163844e-01  +6.78893985e-01
   395 0  +5.85403329e-01  +7.22625523e-01
   396 0  +6.17945341e-01  +7.60586258e-01
   397 0  +6.47951866e-01  +8.00581364e-01
   398 0  +6.73516418e-01  +8.43551745e-01
   399 0  +7.09599122e-01  +8.78164437e-01
   400 0  +7.34839358e-01  +9.21326116e-01
   401 0  +7.62039985e-01  +9.63279970e-01
   402 0  +7.98713739e-01  +9.97265787e-01
   403 1  +8.01569023e-01  +1.00000000e+00
   404 1  +4.29097670e-01  +0.00000000e+00
   405 0  +3.80933511e-01  +1.34243730e-02
   406 0  +3.31258335e-01  +1.91144400e-02
   407 0  +2.84061700e-01  +3.56213374e-02
   408 0  +2.40884718e-01  +6.08353854e-02
   409 0  +1.95820418e-01  +8.24966149e-02
   410 0  +1.56986984e-01  +1.13992081e-01
   411 0  +1.21068239e-01  +1.48774889e-01
   412 0  +7.76578113e-02  +1.73584863e-01
   413 0  +2.94782402e-02  +1.86953817e-01
   414 1  -1.49186219e-16  +1.87515786e-01
   415 1  +6.42889171e-02  +0.00000000e+00
   416 0  +1.83593205e-02  +1.97603683e-02
   417 1  -5.44703171e-16  +3.18229752e-02
   418 1  +1.00000000e+00  +5.30680776e-01
   419 0  +9.56405062e-01  +5.55165085e-01
   420 0  +9.22132228e-01  +5.91570756e-01
   421 0  +8.99545893e-01  +6.36178574e-01
   422 0  +8.80879584e-01  +6.82563581e-01
   423 0  +8.66283601e-01  +7.30385723e-01
   424 0  +8.40033463e-01  +7.72940750e-01
   425 0  +8.13941986e-01  +8.15593239e-01
   426 0  +7.97525489e-01  +8.62821394e-01
   427 0  +7.81567201e-01  +9.10206339e-01
   428 0  +7.55210449e-01  +9.52695416e-01
   429 0  +7.28716603e-01  +9.95099144e-01
   430 1  +7.23655290e-01  +1.00000000e+00
   431 1  +1.00000000e+00  +6.58339364e-01
   432 0  +9.98664532e-01  +7.08321526e-01
   433 0  +9.89648989e-01  +7.57502010e-01
   434 0  +9.95377489e-01  +8.07172769e-01
   435 1  +1.00000000e+00  +8.22756661e-01
   436 1  +6.95946498e-01  +1.00000000e+00
   437 0  +7.29562366e-01  +9.62986847e-01
   438 0  +7.68734083e-01  +9.31913120e-01
   439 0  +8.10235489e-01  +9.04027042e-01
   440 0  +8.48097594e-01  +8.71370327e-01
   441 0  +8.91215196e-01  +8.46054870e-01
   442 0  +9.35880667e-01  +8.23582761e-01
   443 0  +9.85079612e-01  +8.14668511e-01
   444 1  +1.00000000e+00  +8.15845112e-01
   445 1  +9.47920808e-01  +0.00000000e+00
   446 0  +9.63141461e-01  +4.76270064e-02
   447 0  +9.65567856e-01  +9.75680978e-02
   448 0  +9.57948483e-01  +1.46984139e-01
   449 0  +9.61124238e-01  +1.96883183e-01
   450 0  +9.61734393e-01  +2.46879460e-01
   451 0  +9.54740163e-01  +2.96387851e-01
   452 0  +9.41485076e-01  +3.44598873e-01
   453 0  +9.27303333e-01  +3.92545491e-01
   454 0  +9.16683402e-01  +4.41404646e-01
   455 0  +9.18219253e-01  +4.91381052e-01
   456 0  +9.30338474e-01  +5.39890067e-01
   457 0  +9.34418031e-01  +5.89723361e-01
   458 0  +9.31831737e-01  +6.39656427e-01
   459 0  +9.31888706e-01  +6.89656395e-01
   460 0  +9.23074345e-01  +7.38873333e-01
   461 0  +9.13356372e-01  +7.87919852e-01
   462 0  +8.91930523e-01  +8.33096538e-01
   463 0  +8.67118403e-01  +8.76505739e-01
   464 0  +8.46133753e-01  +9.21889045e-01
   465 0  +8.30491084e-01  +9.69379117e-01
   466 1  +8.25292373e-01  +1.00000000e+00
   467 1  +1.00000000e+00  +3.16299547e-02
   468 0  +9.50617254e-01  +2.37976860e-02
   469 0  +9.00622370e-01  +2.45128850e-02
   470 0  +8.52457361e-01  +3.79342075e-02
   471 0  +8.02706655e-01  +4.29209152e-02
   472 0  +7.54093286e-01  +5.46145206e-02
   473 0  +7.04826136e-01  +6.31437580e-02
   474 0  +6.55287149e-01  +5.63696284e-02
   475 0  +6.05835500e-01  +6.37543650e-02
   476 0  +5.58711439e-01  +8.04673222e-02
   477 0  +5.14846716e-01  +1.04464947e-01
   478 0  +4.66035289e-01  +1.15302136e-01
   479 0  +4.16078306e-01  +1.13228541e-01
   480 0  +3.66874852e-01  +1.22117868e-01
   481 0  +3.21541242e-01  +1.43209663e-01
   482 0  +2.74077278e-01  +1.58931370e-01
   483 0  +2.29080908e-01  +1.80733358e-01
   484 0  +1.81994827e-01  +1.97553020e-01
   485 0  +1.32312752e-01  +2.03182531e-01
   486 0  +8.23132773e-02  +2.03411753e-01
   487 0  +3.23756315e-02  +2.00915450e-01
   488 1  -1.11022302e-16  +1.94033687e-01
   489 1  +1.00000000e+00  +4.08660913e-01
   490 0  +9.80689567e-01  +3.62540341e-01
   491 0  +9.52861103e-01  +3.21000281e-01
   492 0  +9.20769855e-01  +2.82657722e-01
   493 0  +8.84257243e-01  +2.48498841e-01
   494 0  +8.59094690e-01  +2.05291829e-01
   495 0  +8.37441678e-01  +1.60223579e-01
   496 0  +8.16853543e-01  +1.14659024e-01
   497 0  +8.02989051e-01  +6.66197084e-02
   498 0  +7.85237830e-01  +1.98768574e-02
   499 1  +7.82780139e-01  -2.04697370e-16
   500 1  +6.26858126e-02  +1.00000000e+00
   501 0  +1.35963919e-02  +9.90501117e-01
   502 1  -3.46944695e-18  +9.85534245e-01
   503 1  +1.00000000e+00  +5.81538386e-01
   504 0  +9.92059974e-01  +5.32172851e-01
   505 0  +9.73936079e-01  +4.85573233e-01
   506 0  +9.45235693e-01  +4.44630738e-01
   507 0  +9.14711815e-01  +4.05029061e-01
   508 0  +8.97810123e-01  +3.57972363e-01
   509 0  +8.83720918e-01  +3.09998471e-01
   510 0  +8.70591113e-01  +2.61753179e-01
   511 0  +8.43682056e-01  +2.19611719e-01
   512 0  +8.05497938e-01  +1.87332111e-01
   513 0  +7.61008219e-01  +1.64514029e-01
   514 0  +7.17186852e-01  +1.40437321e-01
   515 0  +6.70957568e-01  +1.21388612e-01
   516 0  +6.25128641e-01  +1.01395877e-01
   517 0  +5.76884702e-01  +8.82611022e-02
   518 0  +5.28501095e-01  +7.56505294e-02
   519 0  +4.78537105e-01  +7.37532436e-02
   520 0  +4.28550326e-01  +7.26034689e-02
   521 0  +3.78567784e-01  +7.12822872e-02
   522 0  +3.29049307e-01  +6.43598329e-02
   523 0  +2.79227241e-01  +6.85743015e-02
   524 0  +2.31788791e-01  +8.43728299e-02
   525 0  +1.82219547e-01  +9.09218761e-02
   526 0  +1.32246193e-01  +8.92897137e-02
   527 0  +8.45269451e-02  +7.43607707e-02
   528 0  +3.63509853e-02  +6.09788090e-02
   529 1  +2.35922393e-16  +5.88244714e-02
   530 1  +1.00000000e+00  +7.74903413e-01
   531 0  +9.80258203e-01  +7.28965831e-01
   532 0  +9.63705602e-01  +6.81785205e-01
   533 0  +9.37645459e-01  +6.39113565e-01
   534 0  +9.18074085e-01  +5.93103117e-01
   535 0  +8.92086080e-01  +5.50387503e-01
   536 0  +8.55845541e-01  +5.15940104e-01
   537 0  +8.25175386e-01  +4.76451605e-01
   538 0  +7.94422554e-01  +4.37027458e-01
   539 0  +7.53764347e-01  +4.07925736e-01
   540 0  +7.13405945e-01  +3.78409650e-01
   541 0  +6.68397410e-01  +3.56632788e-01
   542 0  +6.19268618e-01  +3.47339682e-01
   543 0  +5.73097213e-01  +3.28151107e-01
   544 0  +5.24077768e-01  +3.18297477e-01
   545 0  +4.74406170e-01  +3.12576258e-01
   546 0  +4.25414470e-01  +3.02585596e-01
   547 0  +3.80256387e-01  +2.81120566e-01
   548 0  +3.30798573e-01  +2.73777228e-01
   549 0  +2.81747061e-01  +2.64084489e-01
   550 0  +2.37670178e-01  +2.40478803e-01
   551 0  +1.90422421e-01  +2.24118808e-01
   552 0  +1.40877658e-01  +2.17387058e-01
   553 0  +9.30781337e-02  +2.02717174e-01
   554 0  +4.30803003e-02  +2.02251721e-01
   555 1  +2.15105711e-16  +2.08451972e-01
   556 1  +9.98264923e-01  +0.00000000e+00
   557 1  +1.00000000e+00  +1.98565611e-03
   558 1  +8.19980719e-01  +1.00000000e+00
   559 0  +7.80920836e-01  +9.68785811e-01
   560 0  +7.40872475e-01  +9.38850401e-01
   561 0  +7.09410612e-01  +8.99989737e-01
   562 0  +6.80687299e-01  +8.59063325e-01
   563 0  +6.55659787e-01  +8.15777950e-01
   564 0  +6.38635106e-01  +7.68765609e-01
   565 0  +6.14456102e-01  +7.25000602e-01
   566 0  +6.01412920e-01  +6.76731820e-01
   567 0  +5.93606824e-01  +6.27344930e-01
   568 0  +5.81093144e-01  +5.78936173e-01
   569 0  +5.73769267e-01  +5.29475473e-01
   570 0  +5.79667070e-01  +4.79824532e-01
   571 0  +5.96281726e-01  +4.32665724e-01
   572 0  +5.99367174e-01  +3.82761014e-01
   573 0  +6.14277502e-01  +3.35035946e-01
   574 0  +6.25616305e-01  +2.86338600e-01
   575 0  +6.40306743e-01  +2.38545389e-01
   576 0  +6.49212617e-01  +1.89344927e-01
   577 0  +6.67972087e-01  +1.42997519e-01
   578 0  +6.91397970e-01  +9.88248122e-02
   579 0  +7.19511868e-01  +5.74773973e-02
   580 0  +7.42251941e-01  +1.29477544e-02
   581 1  +7.48386555e-01  -1.92554306e-16
   582 1  +1.00000000e+00  +6.10592041e-01
   583 0  +9.50760456e-01  +6.01904848e-01
   584 0  +9.01891176e-01  +5.91331607e-01
   585 0  +8.53435736e-01  +5.78999924e-01
   586 0  +8.09682205e-01  +5.54800161e-01
   587 0  +7.71944501e-01  +5.21999770e-01
   588 0  +7.32890516e-01  +4.90778202e-01
   589 0  +6.92971305e-01  +4.60670786e-01
   590 0  +6.46384214e-01  +4.42514713e-01
   591 0  +6.05146057e-01  +4.14240795e-01
   592 0  +5.60654250e-01  +3.91426784e-01
   593 0  +5.25210048e-01  +3.56160532e-01
   594 0  +5.01352359e-01  +3.12219541e-01
   595 0  +4.82027501e-01  +2.66105011e-01
   596 0  +4.51045142e-01  +2.26860987e-01
   597 0  +4.28044457e-01  +1.82465396e-01
   598 0  +3.93647669e-01  +1.46176818e-01
   599 0  +3.57885393e-01  +1.11233154e-01
   600 0  +3.27638558e-01  +7.14194755e-02
   601 0  +3.05267713e-01  +2.67032002e-02
   602 1  +2.84809982e-01  -5.55111512e-17
   603 1  +0.00000000e+00  +5.55656687e-01
   604 0  +3.76298786e-02  +5.88580725e-01
   605 0  +8.03942050e-02  +6.14488492e-01
   606 0  +1.14146118e-01  +6.51377628e-01
   607 0  +1.54515041e-01  +6.80879323e-01
   608 0  +1.87791950e-01  +7.18197514e-01
   609 0  +2.30665975e-01  +7.43923336e-01
   610 0  +2.78196307e-01  +7.59443244e-01
   611 0  +3.26063884e-01  +7.73889528e-01
   612 0  +3.75325965e-01  +7.82447994e-01
   613 0  +4.25236028e-01  +7.85445606e-01
   614 0  +4.74205830e-01  +7.95543051e-01
   615 0  +5.24143258e-01  +7.98043718e-01
   616 0  +5.74038067e-01  +7.94802102e-01
   617 0  +6.24025859e-01  +7.95906925e-01
   618 0  +6.73976239e-01  +7.93679928e-01
   619 0  +7.23678105e-01  +7.88227904e-01
   620 0  +7.73339053e-01  +7.94040838e-01
   621 0  +8.23169014e-01  +7.98160910e-01
   622 0  +8.73167505e-01  +7.98549409e-01
   623 0  +9.22429959e-01  +7.89993088e-01
   624 0  +9.72407829e-01  +7.88505656e-01
   625 1  +1.00000000e+00  +7.84825406e-01
   626 1  +1.00000000e+00  +3.46903737e-01
   627 0  +9.79726890e-01  +3.01198146e-01
   628 0  +9.67987390e-01  +2.52595840e-01
   629 0  +9.50652593e-01  +2.05696961e-01
   630 0  +9.47922446e-01  +1.55771554e-01
   631 0  +9.35057337e-01  +1.07455004e-01
   632 0  +9.33488691e-01  +5.74796169e-02
   633 0  +9.41404483e-01  +8.11019084e-03
   634 1  +9.42458242e-01  -2.28983499e-16
   635 1  +0.00000000e+00  +7.58848478e-01
   636 0  +3.99987243e-02  +7.88850179e-01
   637 0  +8.37211493e-02  +8.13106097e-01
   638 0  +1.22366149e-01  +8.44832489e-01
   639 0  +1.58956748e-01  +8.78907819e-01
   640 0  +1.95769332e-01  +9.12743209e-01
   641 0  +2.27673889e-01  +9.51241251e-01
   642 0  +2.54994898e-01  +9.93116811e-01
   643 1  +2.63413725e-01  +1.00000000e+00
   644 1  +1.00000000e+00  +9.19633226e-01
   645 0  +9.77264441e-01  +9.64165174e-01
   646 1  +9.46885041e-01  +1.00000000e+00
   647 1  +1.00000000e+00  +6.05318391e-02
   648 0  +9.50000352e-01  +6.03442733e-02
   649 0  +9.02101580e-01  +4.60017616e-02
   650 0  +8.52230543e-01  +4.24129373e-02
   651 0  +8.02326259e-01  +4.55052540e-02
   652 0  +7.52485993e-01  +4.94987435e-02
   653 0  +7.03222977e-01  +4.09456632e-02
   654 0  +6.58807507e-01  +1.79833891e-02
   655 0  +6.11370688e-01  +2.17996389e-03
   656 1  +6.06851410e-01  -1.60028241e-16
   657 1  +5.02780611e-01  +0.00000000e+00
   658 0  +4.57417485e-01  +2.10282380e-02
   659 0  +4.16470471e-01  +4.97221752e-02
   660 0  +3.69120323e-01  +6.57834175e-02
   661 0  +3.26341259e-01  +9.16668433e-02
   662 0  +2.87928899e-01  +1.23674508e-01
   663 0  +2.42209686e-01  +1.43916878e-01
   664 0  +1.93226826e-01  +1.53950790e-01
   665 0  +1.46862378e-01  +1.72668110e-01
   666 0  +1.02214118e-01  +1.95174395e-01
   667 0  +5.49115237e-02  +2.11375152e-01
   668 0  +5.19972756e-03  +2.16735872e-01
   669 1  +2.00360561e-16  +2.15862555e-01
   670 1  +0.00000000e+00  +7.89091498e-02
   671 0  +4.85364463e-02  +9.09180374e-02
   672 0  +9.85253599e-02  +8.98651795e-02
   673 0  +1.46616633e-01  +1.03548363e-01
   674 0  +1.95873612e-01  +1.12136144e-01
   675 0  +2.45812563e-01  +1.09666086e-01
   676 0  +2.95580102e-01  +1.14481895e-01
   677 0  +3.43790199e-01  +1.27740346e-01
   678 0  +3.92420273e-01  +1.39364285e-01
   679 0  +4.42248516e-01  +1.43505080e-01
   680 0  +4.92215856e-01  +1.45311989e-01
   681 0  +5.41953235e-01  +1.40194069e-01
   682 0  +5.91820182e-01  +1.36548846e-01
   683 0  +6.41793414e-01  +1.34912972e-01
   684 0  +6.89253712e-01  +1.19180201e-01
   685 0  +7.29597092e-01  +8.96435853e-02
   686 0  +7.75335238e-01  +6.94440299e-02
   687 0  +8.24694945e-01  +6.14678613e-02
   688 0  +8.72639152e-01  +4.72779696e-02
   689 0  +9.19052979e-01  +2.86834370e-02
   690 0  +9.66431321e-01  +1.27055534e-02
   691 1  +1.00000000e+00  +3.50703026e-03
   692 2  +1.56211706e-01  +2.11077050e-01
   693 2  +1.08117310e-02  +3.02953203e-01
   694 2  +1.84417919e-02  +2.97957224e-01
   695 2  +3.05753741e-01  +8.89338441e-02
   696 2  +2.01712169e-01  +3.40669001e-01
   697 2  +7.06936686e-03  +3.84050383e-01
   698 2  +1.11835301e-01  +3.58185189e-01
   699 2  +7.87149532e-01  +9.16076435e-02
   700 2  +9.81663729e-03  +2.92896684e-01
   701 2  +8.93580933e-03  +4.13336066e-01
   702 2  +1.19178670e-02  +3.14131926e-01
   703 2  +5.84826852e-01  +9.79238991e-01
   704 2  +4.93159815e-01  +8.95873822e-01
   705 2  +3.47273425e-01  +6.98072438e-01
   706 2  +6.65722024e-01  +1.01450993e-01
   707 2  +3.15325151e-01  +9.05810246e-02
   708 2  +3.48374714e-01  +9.57575514e-02
   709 2  +5.35696167e-01  +2.25376774e-01
   710 2  +8.00014547e-01  +1.91351931e-02
   711 2  +7.94804055e-01  +2.40081553e-02
   712 2  +5.53764347e-01  +7.54941396e-01
   713 2  +7.02159600e-02  +4.52351556e-01
   714 2  +4.51520316e-01  +8.38493338e-01
   715 2  +3.23320553e-01  +8.46117667e-02
   716 2  +3.94112441e-01  +1.21068087e-01
   717 2  +7.50655215e-01  +2.97331653e-01
   718 2  +7.90288972e-01  +2.03680815e-02
   719 2  +9.29359076e-01  +1.23098834e-02
   720 2  +8.22531909e-01  +1.62807199e-02
   721 2  +8.63538237e-01  +1.75679941e-02
   722 2  +8.86537586e-01  +6.25455239e-02
   723 2  +8.36772814e-01  +4.62512032e-02
   724 2  +9.00391803e-01  +6.64651631e-02
   725 2  +4.26130439e-02  +2.14617845e-02
   726 2  +8.60339886e-01  +1.05884427e-01
   727 2  +6.25095475e-01  +6.45360821e-01
   728 2  +8.92494098e-01  +5.29606070e-02
   729 2  +9.16866355e-01  +3.22371076e-01
   730 2  +6.50386045e-01  +6.55418311e-01
   731 2  +9.19842770e-01  +7.50561896e-01
   732 2  +5.09739348e-01  +6.06896387e-01
   733 2  +1.04995293e-01  +9.43234924e-02
   734 2  +9.74119359e-01  +1.77121358e-01
   735 2  +4.93386079e-02  +9.07647140e-01
   736 2  +5.91229049e-01  +7.29421311e-01
   737 2  +9.61383939e-01  +2.18163152e-01
   738 2  +8.69688521e-01  +8.58693737e-01
   739 2  +8.64085969e-01  +8.83063957e-01
   740 2  +9.22493750e-01  +7.41803591e-01
   741 2  +1.15173070e-01  +1.52144102e-01
   742 2  +7.55194293e-01  +9.52721273e-01
   743 2  +7.50883960e-01  +9.46073078e-01
   744 2  +7.67489802e-01  +9.32900169e-01
   745 2  +9.33574282e-01  +5.79416650e-01
   746 2  +9.92497698e-01  +5.34894309e-01
   747 2  +9.19572604e-01  +5.96625992e-01
   748 2  +9.97900786e-01  +8.15679571e-01
   749 2  +9.90507968e-01  +7.52816213e-01
   750 2  +8.81143831e-01  +8.51968029e-01
   751 2  +9.55788176e-01  +2.46178114e-02
   752 2  +9.49181864e-01  +3.16604334e-01
   753 2  +9.22417050e-01  +4.15025832e-01
   754 2  +9.32487872e-01  +6.26988565e-01
   755 2  +7.94718804e-01  +4.48423368e-02
   756 2  +5.54926526e-01  +8.25379824e-02
   757 2  +9.51495660e-02  +2.03352906e-01
   758 2  +7.17104376e-01  +6.10181220e-02
   759 2  +3.68689564e-01  +1.21790013e-01
   760 2  +9.38862220e-01  +2.39658470e-02
   761 2  +6.77912121e-01  +1.24254225e-01
   762 2  +3.24307404e-01  +6.47609523e-02
   763 2  +6.11448873e-01  +3.44089840e-01
   764 2  +9.18884461e-01  +5.95008234e-01
   765 2  +5.03356514e-01  +3.15910784e-01
   766 2  +5.97658265e-01  +4.10401288e-01
   767 2  +6.48075559e-01  +7.94834689e-01
   768 2  +6.78757836e-01  +1.22659514e-01
   769 2  +3.37768168e-01  +8.47530044e-02
   770 2  +3.84815110e-01  +1.37546440e-01
   771 2  +9.33806838e-01  +5.54953877e-02
   772 2  +9.39194935e-01  +2.18907588e-02
   773 2  +8.79825948e-01  +4.43987605e-02
   774 2  +2.98122004e-01  +1.15180953e-01
*Segmentos 
808
     0     0     1
     1     1     2
     2     2     3
     3     3     4
     4     4     5
     5     5     6
     6     7     8
     7     8     9
     8     9   695
     9    10    11
    10    11    12
    11    12    13
    12    13   692
    13    14    15
    14    15    16
    15    16   694
    16    17    18
    17    19    20
    18    20    21
    19    21    22
    20    22    23
    21    23    24
    22    24    25
    23    25    26
    24    26    27
    25    27    28
    26    28    29
    27    29    30
    28    30    31
    29    31    32
    30    32    33
    31    33    34
    32    34    35
    33    35   696
    34    36    37
    35    37    38
    36    38   692
    37    39    40
    38    40    41
    39    41    42
    40    42    43
    41    44   697
    42    45    46
    43    46   698
    44    47    48
    45    48   696
    46    49    50
    47    50    51
    48    51    52
    49    52    53
    50    53    54
    51    54    55
    52    55    56
    53    56    57
    54    57    58
    55    58    59
    56    59    60
    57    60    61
    58    61   699
    59    62    63
    60    63    64
    61    65    66
    62    66    67
    63    68    69
    64    69   701
    65    70    71
    66    71   702
    67    72    73
    68    74    75
    69    75    76
    70    77    78
    71    78   703
    72    79    80
    73    80   704
    74    81    82
    75    82    83
    76    83    84
    77    84    85
    78    85   705
    79    86    87
    80    87    88
    81    88    89
    82    89    90
    83    90    91
    84    91    92
    85    92    93
    86    93    94
    87    94   698
    88    95    96
    89    96   694
    90    98    99
    91    99   100
    92   100   101
    93   101   102
    94   102   699
    95   103   104
    96   104   706
    97   105   106
    98   106   107
    99   107   108
   100   108   109
   101   109   110
   102   110   111
   103   111   708
   104   112   695
   105   113   114
   106   114   115
   107   115   116
   108   116   117
   109   118   119
   110   119   120
   111   120   121
   112   121   122
   113   122   123
   114   123   124
   115   124   125
   116   125   126
   117   127   128
   118   128   129
   119   129   130
   120   130   131
   121   131   132
   122   132   133
   123   134   710
   124   135   136
   125   136   137
   126   137   706
   127   138   139
   128   139   140
   129   140   141
   130   141   709
   131   142   143
   132   143   144
   133   144   145
   134   145   146
   135   146   147
   136   147   148
   137   148   149
   138   149   150
   139   150   151
   140   151   152
   141   152   712
   142   153   154
   143   154   155
   144   155   156
   145   156   157
   146   157   703
   147   159   701
   148   160   713
   149   161   162
   150   162   163
   151   163   164
   152   164   165
   153   165   166
   154   166   167
   155   167   168
   156   168   705
   157   169   170
   158   170   171
   159   171   714
   160   172   173
   161   173   704
   162   174   175
   163   175   176
   164   177   702
   165   178   179
   166   179   180
   167   180   181
   168   181   182
   169   182   183
   170   183   184
   171   184   185
   172   185   707
   173   186   187
   174   187   188
   175   188   189
   176   190   191
   177   191   192
   178   192   715
   179   193   708
   180   194   716
   181   195   196
   182   196   197
   183   197   198
   184   198   709
   185   199   200
   186   200   201
   187   201   202
   188   202   717
   189   203   204
   190   204   205
   191   205   206
   192   206   207
   193   207   208
   194   209   210
   195   210   719
   196   211   721
   197   212   720
   198   213   214
   199   214   215
   200   215   216
   201   216   217
   202   217   218
   203   218   219
   204   219   220
   205   220   221
   206   221   716
   207   222   223
   208   223   224
   209   224   225
   210   225   226
   211   226   227
   212   227   228
   213   228   229
   214   229   230
   215   230   713
   216   231   232
   217   232   233
   218   234   235
   219   235   236
   220   236   724
   221   237   723
   222   238   711
   223   239   240
   224   241   725
   225   242   243
   226   243   244
   227   245   246
   228   246   247
   229   247   248
   230   248   249
   231   249   250
   232   250   251
   233   251   714
   234   252   253
   235   253   712
   236   254   255
   237   255   256
   238   256   727
   239   257   258
   240   258   259
   241   259   260
   242   260   261
   243   261   262
   244   262   263
   245   263   264
   246   264   717
   247   265   266
   248   266   267
   249   267   268
   250   268   726
   251   269   722
   252   270   719
   253   271   272
   254   273   274
   255   274   725
   256   276   720
   257   277   723
   258   278   726
   259   279   280
   260   280   281
   261   281   282
   262   282   729
   263   283   284
   264   284   285
   265   285   286
   266   287   288
   267   288   731
   268   289   290
   269   290   291
   270   291   292
   271   292   293
   272   293   294
   273   294   730
   274   295   296
   275   296   297
   276   297   732
   277   298   299
   278   299   300
   279   300   301
   280   301   302
   281   302   303
   282   303   304
   283   304   305
   284   305   306
   285   306   307
   286   307   308
   287   308   309
   288   310   311
   289   311   312
   290   312   313
   291   313   314
   292   314   315
   293   315   733
   294   316   317
   295   317   318
   296   319   734
   297   320   321
   298   321   322
   299   322   724
   300   323   721
   301   324   325
   302   326   327
   303   327   328
   304   328   735
   305   329   330
   306   331   332
   307   332   333
   308   333   734
   309   334   737
   310   335   336
   311   336   729
   312   337   338
   313   338   339
   314   339   340
   315   340   341
   316   341   342
   317   342   343
   318   343   344
   319   344   345
   320   345   730
   321   346   347
   322   347   736
   323   348   349
   324   349   350
   325   350   351
   326   351   352
   327   352   353
   328   353   354
   329   354   355
   330   356   357
   331   357   358
   332   358   739
   333   359   360
   334   360   361
   335   361   731
   336   362   363
   337   363   364
   338   364   365
   339   365   366
   340   367   368
   341   368   735
   342   369   370
   343   370   371
   344   371   372
   345   372   373
   346   373   374
   347   374   375
   348   375   376
   349   377   378
   350   378   733
   351   379   380
   352   380   741
   353   381   382
   354   382   383
   355   383   384
   356   384   385
   357   385   386
   358   386   387
   359   387   388
   360   388   389
   361   389   390
   362   390   391
   363   391   392
   364   392   732
   365   393   394
   366   394   395
   367   395   736
   368   396   397
   369   397   398
   370   398   399
   371   399   400
   372   400   743
   373   401   402
   374   402   403
   375   404   405
   376   405   406
   377   406   407
   378   407   408
   379   408   409
   380   409   410
   381   410   411
   382   411   741
   383   412   413
   384   413   414
   385   415   416
   386   416   417
   387   418   746
   388   419   745
   389   420   747
   390   421   422
   391   422   423
   392   423   424
   393   424   425
   394   425   426
   395   426   427
   396   427   744
   397   428   742
   398   429   430
   399   431   432
   400   432   749
   401   433   434
   402   434   748
   403   436   437
   404   437   743
   405   438   439
   406   439   440
   407   440   738
   408   441   442
   409   442   443
   410   443   748
   411   445   751
   412   446   447
   413   447   448
   414   448   449
   415   449   737
   416   450   451
   417   451   752
   418   452   453
   419   453   753
   420   454   455
   421   455   456
   422   456   745
   423   457   754
   424   458   459
   425   459   460
   426   460   740
   427   461   462
   428   462   750
   429   463   739
   430   464   465
   431   465   466
   432   467   751
   433   468   760
   434   469   470
   435   470   471
   436   471   755
   437   472   758
   438   473   474
   439   474   475
   440   475   476
   441   476   756
   442   477   478
   443   478   479
   444   479   759
   445   480   481
   446   481   482
   447   482   483
   448   483   484
   449   484   485
   450   485   757
   451   486   487
   452   487   488
   453   489   490
   454   490   491
   455   491   752
   456   492   493
   457   493   494
   458   494   495
   459   495   496
   460   496   497
   461   497   755
   462   498   499
   463   500   501
   464   501   502
   465   503   746
   466   504   505
   467   505   506
   468   506   753
   469   507   508
   470   508   509
   471   509   510
   472   510   511
   473   511   512
   474   512   513
   475   513   514
   476   514   761
   477   515   516
   478   516   517
   479   517   756
   480   518   519
   481   519   520
   482   520   521
   483   521   522
   484   522   762
   485   523   524
   486   524   525
   487   525   526
   488   526   527
   489   527   528
   490   528   529
   491   530   749
   492   531   532
   493   532   533
   494   533   754
   495   534   535
   496   535   536
   497   536   537
   498   537   538
   499   538   539
   500   539   540
   501   540   541
   502   541   542
   503   542   763
   504   543   544
   505   544   765
   506   545   546
   507   546   547
   508   547   548
   509   548   549
   510   549   550
   511   550   551
   512   551   552
   513   552   757
   514   553   554
   515   554   555
   516   556   557
   517   558   559
   518   559   560
   519   560   561
   520   561   562
   521   562   563
   522   563   767
   523   564   565
   524   565   566
   525   566   567
   526   567   568
   527   568   569
   528   569   570
   529   570   571
   530   571   766
   531   572   763
   532   573   574
   533   574   575
   534   575   576
   535   576   577
   536   577   761
   537   578   758
   538   579   580
   539   580   581
   540   582   583
   541   583   764
   542   584   585
   543   585   586
   544   586   587
   545   587   588
   546   588   589
   547   589   590
   548   590   591
   549   591   766
   550   592   593
   551   593   765
   552   594   595
   553   595   596
   554   596   597
   555   597   598
   556   598   770
   557   599   769
   558   600   762
   559   601   602
   560   603   604
   561   604   605
   562   605   606
   563   606   607
   564   607   608
   565   608   609
   566   609   610
   567   610   611
   568   611   612
   569   612   613
   570   613   614
   571   614   615
   572   615   616
   573   616   617
   574   617   767
   575   618   619
   576   619   620
   577   620   621
   578   621   622
   579   622   623
   580   623   624
   581   624   625
   582   626   627
   583   627   628
   584   628   629
   585   629   630
   586   630   631
   587   631   632
   588   632   771
   589   633   634
   590   635   636
   591   636   637
   592   637   638
   593   638   639
   594   639   640
   595   640   641
   596   641   642
   597   642   643
   598   644   645
   599   645   646
   600   647   648
   601   648   771
   602   649   773
   603   650   651
   604   651   652
   605   652   653
   606   653   654
   607   654   655
   608   655   656
   609   657   658
   610   658   659
   611   659   660
   612   660   769
   613   661   774
   614   662   663
   615   663   664
   616   664   665
   617   665   666
   618   666   667
   619   667   668
   620   668   669
   621   670   671
   622   671   672
   623   672   673
   624   673   674
   625   674   675
   626   675   676
   627   676   774
   628   677   770
   629   678   679
   630   679   680
   631   680   681
   632   681   682
   633   682   683
   634   683   768
   635   684   685
   636   685   686
   637   686   687
   638   687   688
   639   688   773
   640   689   772
   641   690   691
   642   692    14
   643   692    39
   644   693    17
   645   693   700
   646   694   693
   647   694   700
   648   695    10
   649   695   113
   650   696    36
   651   696    49
   652   697    45
   653   697    70
   654   698    47
   655   698    95
   656   699    62
   657   699   103
   658   700    72
   659   700    97
   660   701   697
   661   701   160
   662   702   693
   663   702   178
   664   703    79
   665   703   158
   666   704    81
   667   704   174
   668   705    86
   669   705   169
   670   706   105
   671   706   138
   672   707   112
   673   707   715
   674   708   707
   675   708   194
   676   709   142
   677   709   199
   678   710   711
   679   710   718
   680   711   135
   681   711   718
   682   712   153
   683   712   254
   684   713   161
   685   713   231
   686   714   172
   687   714   252
   688   715   186
   689   715   193
   690   716   195
   691   716   222
   692   717   203
   693   717   265
   694   718   213
   695   718   239
   696   719   211
   697   719   271
   698   720   710
   699   720   277
   700   721   212
   701   721   324
   702   722   237
   703   722   728
   704   723   238
   705   723   278
   706   724   722
   707   724   728
   708   725   242
   709   725   275
   710   726   269
   711   726   279
   712   727   257
   713   727   295
   714   728   270
   715   728   323
   716   729   283
   717   729   337
   718   730   727
   719   730   346
   720   731   289
   721   731   740
   722   732   298
   723   732   393
   724   733   316
   725   733   379
   726   734   320
   727   734   334
   728   735   329
   729   735   369
   730   736   348
   731   736   396
   732   737   335
   733   737   450
   734   738   359
   735   738   750
   736   739   738
   737   739   464
   738   740   362
   739   740   461
   740   741   381
   741   741   412
   742   742   401
   743   742   429
   744   743   742
   745   743   744
   746   744   428
   747   744   438
   748   745   420
   749   745   457
   750   746   419
   751   746   504
   752   747   421
   753   747   764
   754   748   435
   755   748   444
   756   749   433
   757   749   531
   758   750   441
   759   750   463
   760   751   446
   761   751   468
   762   752   452
   763   752   492
   764   753   454
   765   753   507
   766   754   458
   767   754   747
   768   755   472
   769   755   498
   770   756   477
   771   756   518
   772   757   486
   773   757   553
   774   758   473
   775   758   579
   776   759   480
   777   759   599
   778   760   469
   779   760   772
   780   761   515
   781   761   768
   782   762   523
   783   762   601
   784   763   543
   785   763   573
   786   764   534
   787   764   584
   788   765   545
   789   765   594
   790   766   572
   791   766   592
   792   767   564
   793   767   618
   794   768   578
   795   768   684
   796   769   600
   797   769   661
   798   770   759
   799   770   678
   800   771   760
   801   771   649
   802   772   633
   803   772   690
   804   773   650
   805   773   689
   806   774   662
   807   774   677
*Fibras 
50
     0     0   5.00000000e-02  +3.14160000e-01     0     1     2     3     4     5
     1     0   5.00000000e-02  +3.14160000e-01     6     7     8   648     9    10    11    12   642    13    14    15   646   644    16
     2     0   5.00000000e-02  +3.14160000e-01    17    18    19    20    21    22    23    24    25    26    27    28    29    30    31    32    33   650    34    35    36   643    37    38    39    40
     3     0   5.00000000e-02  +3.14160000e-01    41   652    42    43   654    44    45   651    46    47    48    49    50    51    52    53    54    55    56    57    58   656    59    60
     4     0   5.00000000e-02  +3.14160000e-01    61    62
     5     1   5.00000000e-02  +3.14160000e-01    63    64   660   653    65    66   662   645   658    67
     6     1   5.00000000e-02  +3.14160000e-01    68    69
     7     1   5.00000000e-02  +3.14160000e-01    70    71   664    72    73   666    74    75    76    77    78   668    79    80    81    82    83    84    85    86    87   655    88    89   647   659
     8     1   5.00000000e-02  +3.14160000e-01    90    91    92    93    94   657    95    96   670    97    98    99   100   101   102   103   674   672   104   649   105   106   107   108
     9     1   5.00000000e-02  +3.14160000e-01   109   110   111   112   113   114   115   116
    10     2   5.00000000e-02  +3.14160000e-01   117   118   119   120   121   122
    11     2   5.00000000e-02  +3.14160000e-01   123   678   680   124   125   126   671   127   128   129   130   676   131   132   133   134   135   136   137   138   139   140   141   682   142   143   144   145   146   665
    12     2   5.00000000e-02  +3.14160000e-01   147   661   148   684   149   150   151   152   153   154   155   156   669   157   158   159   686   160   161   667   162   163
    13     2   5.00000000e-02  +3.14160000e-01   164   663   165   166   167   168   169   170   171   172   673   688   173   174   175
    14     2   5.00000000e-02  +3.14160000e-01   176   177   178   689   179   675   180   690   181   182   183   184   677   185   186   187   188   692   189   190   191   192   193
    15     3   5.00000000e-02  +3.14160000e-01   194   195   696   196   700   197   698   679   694   198   199   200   201   202   203   204   205   206   691   207   208   209   210   211   212   213   214   215   685   216   217
    16     3   5.00000000e-02  +3.14160000e-01   218   219   220   706   702   221   704   222   681   695   223
    17     3   5.00000000e-02  +3.14160000e-01   224   708   225   226
    18     3   5.00000000e-02  +3.14160000e-01   227   228   229   230   231   232   233   687   234   235   683   236   237   238   712   239   240   241   242   243   244   245   246   693   247   248   249   250   710   251   703   714   252   697   253
    19     3   5.00000000e-02  +3.14160000e-01   254   255   709
    20     4   5.00000000e-02  +3.14160000e-01   256   699   257   705   258   711   259   260   261   262   716   263   264   265
    21     4   5.00000000e-02  +3.14160000e-01   266   267   720   268   269   270   271   272   273   718   713   274   275   276   722   277   278   279   280   281   282   283   284   285   286   287
    22     4   5.00000000e-02  +3.14160000e-01   288   289   290   291   292   293   724   294   295
    23     4   5.00000000e-02  +3.14160000e-01   296   726   297   298   299   707   715   300   701   301
    24     4   5.00000000e-02  +3.14160000e-01   302   303   304   728   305
    25     5   5.00000000e-02  +3.14160000e-01   306   307   308   727   309   732   310   311   717   312   313   314   315   316   317   318   319   320   719   321   322   730   323   324   325   326   327   328   329
    26     5   5.00000000e-02  +3.14160000e-01   330   331   332   736   734   333   334   335   721   738   336   337   338   339
    27     5   5.00000000e-02  +3.14160000e-01   340   341   729   342   343   344   345   346   347   348
    28     5   5.00000000e-02  +3.14160000e-01   349   350   725   351   352   740   353   354   355   356   357   358   359   360   361   362   363   364   723   365   366   367   731   368   369   370   371   372   744   742   373   374
    29     5   5.00000000e-02  +3.14160000e-01   375   376   377   378   379   380   381   382   741   383   384
    30     6   5.00000000e-02  +3.14160000e-01   385   386
    31     6   5.00000000e-02  +3.14160000e-01   387   750   388   748   389   752   390   391   392   393   394   395   396   746   397   743   398
    32     6   5.00000000e-02  +3.14160000e-01   399   400   756   401   402   754
    33     6   5.00000000e-02  +3.14160000e-01   403   404   745   747   405   406   407   735   758   408   409   410   755
    34     6   5.00000000e-02  +3.14160000e-01   411   760   412   413   414   415   733   416   417   762   418   419   764   420   421   422   749   423   766   424   425   426   739   427   428   759   429   737   430   431
    35     7   5.00000000e-02  +3.14160000e-01   432   761   433   778   434   435   436   768   437   774   438   439   440   441   770   442   443   444   776   445   446   447   448   449   450   772   451   452
    36     7   5.00000000e-02  +3.14160000e-01   453   454   455   763   456   457   458   459   460   461   769   462
    37     7   5.00000000e-02  +3.14160000e-01   463   464
    38     7   5.00000000e-02  +3.14160000e-01   465   751   466   467   468   765   469   470   471   472   473   474   475   476   780   477   478   479   771   480   481   482   483   484   782   485   486   487   488   489   490
    39     7   5.00000000e-02  +3.14160000e-01   491   757   492   493   494   767   753   786   495   496   497   498   499   500   501   502   503   784   504   505   788   506   507   508   509   510   511   512   513   773   514   515
    40     8   5.00000000e-02  +3.14160000e-01   516
    41     8   5.00000000e-02  +3.14160000e-01   517   518   519   520   521   522   792   523   524   525   526   527   528   529   530   790   531   785   532   533   534   535   536   781   794   537   775   538   539
    42     8   5.00000000e-02  +3.14160000e-01   540   541   787   542   543   544   545   546   547   548   549   791   550   551   789   552   553   554   555   556   798   777   557   796   558   783   559
    43     8   5.00000000e-02  +3.14160000e-01   560   561   562   563   564   565   566   567   568   569   570   571   572   573   574   793   575   576   577   578   579   580   581
    44     8   5.00000000e-02  +3.14160000e-01   582   583   584   585   586   587   588   800   779   802   589
    45     9   5.00000000e-02  +3.14160000e-01   590   591   592   593   594   595   596   597
    46     9   5.00000000e-02  +3.14160000e-01   598   599
    47     9   5.00000000e-02  +3.14160000e-01   600   601   801   602   804   603   604   605   606   607   608
    48     9   5.00000000e-02  +3.14160000e-01   609   610   611   612   797   613   806   614   615   616   617   618   619   620
    49     9   5.00000000e-02  +3.14160000e-01   621   622   623   624   625   626   627   807   628   799   629   630   631   632   633   634   795   635   636   637   638   639   805   640   803   641
