     0.10000000E+001     0.00000000E+000     0.00000000E+000     0.00000000E+000     0.00000000E+000     0.00000000E+000     0.00000000E+000     0.00000000E+000     0.00000000E+000     0.00000000E+000     0.00000000E+000     0.00000000E+000     0.00000000E+000     0.00000000E+000     0.00000000E+000     0.00000000E+000     0.00000000E+000
     0.00000000E+000     0.10000000E+001     0.00000000E+000     0.00000000E+000     0.00000000E+000     0.00000000E+000     0.00000000E+000     0.00000000E+000     0.00000000E+000     0.00000000E+000     0.00000000E+000     0.00000000E+000     0.00000000E+000     0.00000000E+000     0.00000000E+000     0.00000000E+000     0.00000000E+000
     0.00000000E+000     0.00000000E+000    -0.28533332E+000     0.58307923E-008     0.78135177E-012     0.23650931E-008     0.00000000E+000     0.00000000E+000     0.00000000E+000     0.00000000E+000     0.00000000E+000     0.00000000E+000     0.00000000E+000     0.00000000E+000     0.00000000E+000     0.00000000E+000    -0.10927847E-006
     0.00000000E+000     0.00000000E+000     0.34972021E-008    -0.45958332E+000     0.46851412E-008     0.12625001E+000     0.00000000E+000     0.00000000E+000     0.00000000E+000     0.00000000E+000     0.00000000E+000     0.00000000E+000     0.00000000E+000     0.00000000E+000     0.00000000E+000     0.00000000E+000     0.33333331E+001
     0.00000000E+000     0.00000000E+000     0.78135177E-012     0.23650931E-008    -0.20200000E+000    -0.55185476E-008     0.00000000E+000     0.00000000E+000     0.00000000E+000     0.00000000E+000     0.00000000E+000     0.00000000E+000     0.00000000E+000     0.00000000E+000     0.00000000E+000     0.00000000E+000     0.00000000E+000
     0.00000000E+000     0.00000000E+000     0.46851412E-008     0.12625001E+000    -0.10924594E-007    -0.29458334E+000     0.00000000E+000     0.00000000E+000     0.00000000E+000     0.00000000E+000     0.00000000E+000     0.00000000E+000     0.00000000E+000     0.00000000E+000     0.00000000E+000     0.00000000E+000     0.00000000E+000
     0.00000000E+000     0.00000000E+000     0.00000000E+000     0.00000000E+000     0.00000000E+000     0.00000000E+000     0.10000000E+001     0.00000000E+000     0.00000000E+000     0.00000000E+000     0.00000000E+000     0.00000000E+000     0.00000000E+000     0.00000000E+000     0.00000000E+000     0.00000000E+000     0.00000000E+000
     0.00000000E+000     0.00000000E+000     0.00000000E+000     0.00000000E+000     0.00000000E+000     0.00000000E+000     0.00000000E+000     0.10000000E+001     0.00000000E+000     0.00000000E+000     0.00000000E+000     0.00000000E+000     0.00000000E+000     0.00000000E+000     0.00000000E+000     0.00000000E+000     0.00000000E+000
     0.00000000E+000     0.00000000E+000     0.00000000E+000     0.00000000E+000     0.00000000E+000     0.00000000E+000     0.00000000E+000     0.00000000E+000     0.10000000E+001     0.00000000E+000     0.00000000E+000     0.00000000E+000     0.00000000E+000     0.00000000E+000     0.00000000E+000     0.00000000E+000     0.00000000E+000
     0.00000000E+000     0.00000000E+000     0.00000000E+000     0.00000000E+000     0.00000000E+000     0.00000000E+000     0.00000000E+000     0.00000000E+000     0.00000000E+000     0.10000000E+001     0.00000000E+000     0.00000000E+000     0.00000000E+000     0.00000000E+000     0.00000000E+000     0.00000000E+000     0.00000000E+000
     0.00000000E+000     0.00000000E+000     0.00000000E+000     0.00000000E+000     0.00000000E+000     0.00000000E+000     0.00000000E+000     0.00000000E+000     0.00000000E+000     0.00000000E+000     0.10000000E+001     0.00000000E+000     0.00000000E+000     0.00000000E+000     0.00000000E+000     0.00000000E+000     0.00000000E+000
     0.00000000E+000     0.00000000E+000     0.00000000E+000     0.00000000E+000     0.00000000E+000     0.00000000E+000     0.00000000E+000     0.00000000E+000     0.00000000E+000     0.00000000E+000     0.00000000E+000     0.10000000E+001     0.00000000E+000     0.00000000E+000     0.00000000E+000     0.00000000E+000     0.00000000E+000
     0.00000000E+000     0.00000000E+000     0.00000000E+000     0.00000000E+000     0.00000000E+000     0.00000000E+000     0.00000000E+000     0.00000000E+000     0.00000000E+000     0.00000000E+000     0.00000000E+000     0.00000000E+000     0.10000000E+001     0.00000000E+000     0.00000000E+000     0.00000000E+000     0.00000000E+000
     0.00000000E+000     0.00000000E+000     0.00000000E+000     0.00000000E+000     0.00000000E+000     0.00000000E+000     0.00000000E+000     0.00000000E+000     0.00000000E+000     0.00000000E+000     0.00000000E+000     0.00000000E+000     0.00000000E+000     0.10000000E+001     0.00000000E+000     0.00000000E+000     0.00000000E+000
     0.00000000E+000     0.00000000E+000     0.00000000E+000     0.00000000E+000     0.00000000E+000     0.00000000E+000     0.00000000E+000     0.00000000E+000     0.00000000E+000     0.00000000E+000     0.00000000E+000     0.00000000E+000     0.00000000E+000     0.00000000E+000     0.10000000E+001     0.00000000E+000     0.00000000E+000
     0.00000000E+000     0.00000000E+000     0.00000000E+000     0.00000000E+000     0.00000000E+000     0.00000000E+000     0.00000000E+000     0.00000000E+000     0.00000000E+000     0.00000000E+000     0.00000000E+000     0.00000000E+000     0.00000000E+000     0.00000000E+000     0.00000000E+000     0.10000000E+001     0.00000000E+000
