*Parametros (L) 
   1.00000000e+02
   1.00000000e+00
*Coordenadas 
6
           0 1  +5.00000000e+01  +0.00000000e+00
           1 1  +5.00000000e+01  +1.00000000e+02
           2 1  +0.00000000e+00  +3.00000000e+01
           3 1  +1.00000000e+02  +3.00000000e+01
           4 1  +0.00000000e+00  +7.00000000e+01
           5 1  +1.00000000e+02  +7.00000000e+01

*Segmentos 
3
           0           0           1
           1           2           3
           2           4           5

*Fibras 
3
           0   3.00000000e+01  +1.00000000e+00  +3.49065850e-01           1           0
           1   3.00000000e+01  +1.00000000e+00  +3.49065850e-01           1           1
           2   3.00000000e+01  +1.00000000e+00  +3.49065850e-01           1           2

*Capas 
1
           0           3           0           1           2
