*Parametros
      0.10000000E+03
      0.10000000E+01
  2
      0.10000000E+02      0.10000000E+00
*Coordenadas
           8
           0 1      0.50000000E+02      0.00000000E+00      0.50000000E+02      0.00000000E+00
           1 2      0.49999999E+02      0.30000002E+02      0.49999999E+02      0.30000002E+02
           2 2      0.49999999E+02      0.69999999E+02      0.49999999E+02      0.69999999E+02
           3 1      0.50000000E+02      0.10000000E+03      0.50000000E+02      0.10000000E+03
           4 1      0.00000000E+00      0.30000000E+02      0.00000000E+00      0.30000000E+02
           5 1      0.10000000E+03      0.30000000E+02      0.10000000E+03      0.30000000E+02
           6 1      0.00000000E+00      0.70000000E+02      0.00000000E+00      0.70000000E+02
           7 1      0.10000000E+03      0.70000000E+02      0.10000000E+03      0.70000000E+02
*Fibras
           7
           0      0.10000000E+01      0.30000002E+02      0.10000000E+01           0           1
           1      0.10000000E+01      0.39999997E+02      0.10000000E+01           1           2
           2      0.10000000E+01      0.30000001E+02      0.10000000E+01           2           3
           3      0.10000000E+01      0.49999999E+02      0.10000000E+01           4           1
           4      0.10000000E+01      0.50000001E+02      0.10000000E+01           1           5
           5      0.10000000E+01      0.49999999E+02      0.10000000E+01           6           2
           6      0.10000000E+01      0.50000001E+02      0.10000000E+01           2           7
