*Parametros
      0.10000000E+03
      0.10000000E+01
*Coordenadas
           8
           0 1      0.50000000E+02      0.00000000E+00
           1 1      0.50000000E+02      0.10000000E+03
           2 1      0.00000000E+00      0.30000000E+02
           3 1      0.10000000E+03      0.30000000E+02
           4 1      0.00000000E+00      0.70000000E+02
           5 1      0.10000000E+03      0.70000000E+02
           6 2      0.49999999E+02      0.30000002E+02
           7 2      0.49999999E+02      0.69999999E+02
*Segmentos
           7
           0           0           6
           1           2           6
           2           4           7
           3           6           7
           4           6           3
           5           7           1
           6           7           5
*Fibras
           3
           0      0.30000000E+02      0.10000000E+01      0.34906585E+00           3           0           3           5
           1      0.30000000E+02      0.10000000E+01      0.34906585E+00           2           1           4
           2      0.30000000E+02      0.10000000E+01      0.34906585E+00           2           2           6
*Capas
           1
           0           3           0           1           2
