*Parametros (L) 
   1.00000000e+00
*Coordenadas 
866
     0 1  +1.00000000e+00  +7.67343496e-01
     1 0  +9.00169165e-01  +7.73157658e-01
     2 0  +8.00183741e-01  +7.74864972e-01
     3 0  +7.00408296e-01  +7.68167170e-01
     4 0  +6.00450138e-01  +7.71059691e-01
     5 0  +5.01819890e-01  +7.54565023e-01
     6 0  +4.02895396e-01  +7.69191869e-01
     7 0  +3.03093420e-01  +7.62901752e-01
     8 0  +2.05378175e-01  +7.84155713e-01
     9 0  +1.05381992e-01  +7.85029421e-01
    10 0  +8.42872215e-03  +7.60533228e-01
    11 1  -5.03069808e-17  +7.58668048e-01
    12 1  +1.00000000e+00  +8.76227609e-02
    13 0  +9.29750323e-01  +1.58791454e-01
    14 0  +8.63547218e-01  +2.33739095e-01
    15 0  +8.18141992e-01  +3.22836601e-01
    16 0  +7.49616343e-01  +3.95666783e-01
    17 0  +6.88549442e-01  +4.74855378e-01
    18 0  +6.09672785e-01  +5.36324663e-01
    19 0  +5.32727458e-01  +6.00194974e-01
    20 0  +4.79140652e-01  +6.84625148e-01
    21 0  +4.34048784e-01  +7.73881651e-01
    22 0  +3.86021908e-01  +8.61593790e-01
    23 0  +3.60526782e-01  +9.58289180e-01
    24 1  +3.59774512e-01  +1.00000000e+00
    25 1  +8.19433394e-01  +0.00000000e+00
    26 0  +8.55527656e-01  +9.32588023e-02
    27 0  +8.82917577e-01  +1.89434643e-01
    28 0  +9.18143361e-01  +2.83024942e-01
    29 0  +9.64443590e-01  +3.71660650e-01
    30 0  +9.85754822e-01  +4.69363421e-01
    31 0  +9.81499135e-01  +5.69272825e-01
    32 0  +9.56359707e-01  +6.66061302e-01
    33 0  +9.57853766e-01  +7.66050140e-01
    34 0  +9.46995312e-01  +8.65458862e-01
    35 0  +9.16284560e-01  +9.60626344e-01
    36 1  +9.06655979e-01  +1.00000000e+00
    37 1  +3.78598430e-01  +0.00000000e+00
    38 0  +2.78691775e-01  +4.31974943e-03
    39 0  +1.78737221e-01  +1.30523851e-03
    40 1  +1.73425072e-01  -4.59701721e-17
    41 1  +0.00000000e+00  +5.95708930e-01
    42 0  +7.28231904e-02  +6.64242009e-01
    43 0  +1.46103319e-01  +7.32286280e-01
    44 0  +2.01933797e-01  +8.15249873e-01
    45 0  +2.54528860e-01  +9.00301382e-01
    46 0  +3.10206159e-01  +9.83367852e-01
    47 1  +3.27317878e-01  +1.00000000e+00
    48 1  +1.00000000e+00  +3.72257486e-01
    49 0  +9.57093304e-01  +2.81930217e-01
    50 0  +9.16075309e-01  +1.90729756e-01
    51 0  +8.88010080e-01  +9.47488053e-02
    52 1  +8.81547356e-01  -2.08166817e-16
    53 1  +3.27605362e-01  +0.00000000e+00
    54 0  +3.60012380e-01  +9.46033044e-02
    55 0  +3.79930321e-01  +1.92599609e-01
    56 0  +3.77779969e-01  +2.92576486e-01
    57 0  +3.60873037e-01  +3.91136902e-01
    58 0  +3.48436298e-01  +4.90360526e-01
    59 0  +3.15013773e-01  +5.84609849e-01
    60 0  +2.67980933e-01  +6.72858996e-01
    61 0  +1.98180425e-01  +7.44468277e-01
    62 0  +1.09951767e-01  +7.91539540e-01
    63 0  +3.22868745e-02  +8.54532909e-01
    64 1  -2.08166817e-17  +8.91271943e-01
    65 1  +2.47366072e-01  +0.00000000e+00
    66 0  +2.80321734e-01  +9.44135814e-02
    67 0  +3.03764328e-01  +1.91626979e-01
    68 0  +3.08872912e-01  +2.91496406e-01
    69 0  +2.89315245e-01  +3.89565248e-01
    70 0  +2.72630335e-01  +4.88163492e-01
    71 0  +2.49547326e-01  +5.85462899e-01
    72 0  +2.36336759e-01  +6.84586463e-01
    73 0  +2.16376347e-01  +7.82574126e-01
    74 0  +1.87380523e-01  +8.78278056e-01
    75 0  +1.46195468e-01  +9.69403196e-01
    76 1  +1.33583380e-01  +1.00000000e+00
    77 1  +1.00000000e+00  +4.98423225e-01
    78 0  +9.18364811e-01  +4.40667742e-01
    79 0  +8.53159828e-01  +3.64850130e-01
    80 0  +8.03102162e-01  +2.78280909e-01
    81 0  +7.73988944e-01  +1.82612625e-01
    82 0  +7.43353120e-01  +8.74209959e-02
    83 1  +7.38324722e-01  -1.94289029e-16
    84 1  +1.00000000e+00  +1.25609147e-01
    85 0  +9.15495066e-01  +7.21403143e-02
    86 0  +8.39610365e-01  +7.01342126e-03
    87 1  +8.24245238e-01  -1.91686944e-16
    88 1  +9.49264336e-01  +1.00000000e+00
    89 1  +1.00000000e+00  +9.55983119e-01
    90 1  +6.35267684e-03  +0.00000000e+00
    91 1  -1.85615412e-16  +2.21772226e-04
    92 1  +7.81175182e-01  +0.00000000e+00
    93 0  +7.59507192e-01  +9.76242706e-02
    94 0  +7.19026345e-01  +1.89064421e-01
    95 0  +6.53202528e-01  +2.64345395e-01
    96 0  +6.05924040e-01  +3.52463183e-01
    97 0  +5.48567049e-01  +4.34378844e-01
    98 0  +4.78865152e-01  +5.06084113e-01
    99 0  +3.94831875e-01  +5.60291201e-01
   100 0  +3.14879837e-01  +6.20355098e-01
   101 0  +2.53716036e-01  +6.99468873e-01
   102 0  +1.76981107e-01  +7.63591807e-01
   103 0  +1.19502239e-01  +8.45421995e-01
   104 0  +6.61115061e-02  +9.29976295e-01
   105 1  +5.45532663e-03  +1.00000000e+00
   106 1  +6.64311239e-01  +0.00000000e+00
   107 0  +6.08833282e-01  +8.31997377e-02
   108 0  +5.56026487e-01  +1.68119950e-01
   109 0  +4.89689883e-01  +2.42949455e-01
   110 0  +4.34878312e-01  +3.26589707e-01
   111 0  +4.00812182e-01  +4.20608316e-01
   112 0  +3.60062014e-01  +5.11928762e-01
   113 0  +3.43762256e-01  +6.10591409e-01
   114 0  +3.52566010e-01  +7.10203124e-01
   115 0  +3.36337329e-01  +8.08877487e-01
   116 0  +3.08582643e-01  +9.04948697e-01
   117 0  +2.66097515e-01  +9.95475013e-01
   118 1  +2.63755078e-01  +1.00000000e+00
   119 1  +3.96349875e-01  +0.00000000e+00
   120 0  +3.12001394e-01  +5.37153027e-02
   121 0  +2.20261150e-01  +9.35113803e-02
   122 0  +1.43316529e-01  +1.57382542e-01
   123 0  +8.97464362e-02  +2.41823321e-01
   124 0  +4.92447483e-02  +3.33254242e-01
   125 1  -6.93889390e-17  +3.96316249e-01
   126 1  +3.75466797e-01  +1.00000000e+00
   127 0  +4.26899790e-01  +9.14240760e-01
   128 0  +4.63413833e-01  +8.21145515e-01
   129 0  +5.00368797e-01  +7.28224416e-01
   130 0  +5.63935764e-01  +6.51028297e-01
   131 0  +6.26490500e-01  +5.73009678e-01
   132 0  +6.81084693e-01  +4.89227376e-01
   133 0  +7.30137194e-01  +4.02084665e-01
   134 0  +7.96465085e-01  +3.27247436e-01
   135 0  +8.76412372e-01  +2.67177216e-01
   136 0  +9.58169356e-01  +2.09594270e-01
   137 1  +1.00000000e+00  +1.56248453e-01
   138 1  +4.29596653e-01  +1.00000000e+00
   139 0  +3.44134088e-01  +9.48075536e-01
   140 0  +2.52932508e-01  +9.07060029e-01
   141 0  +1.65038508e-01  +8.59366793e-01
   142 0  +7.23167842e-02  +8.21914397e-01
   143 1  -1.24900090e-16  +8.01667848e-01
   144 1  +1.00000000e+00  +3.47226395e-01
   145 0  +9.58755097e-01  +2.56128327e-01
   146 0  +9.03421145e-01  +1.72832747e-01
   147 0  +8.46834538e-01  +9.03830293e-02
   148 0  +8.02502765e-01  +7.46574966e-04
   149 1  +8.01883858e-01  -1.23707468e-16
   150 1  +6.06128172e-01  +1.00000000e+00
   151 0  +6.57940444e-01  +9.14469371e-01
   152 0  +7.29444354e-01  +8.44560925e-01
   153 0  +8.09746118e-01  +7.84965400e-01
   154 0  +9.04020203e-01  +7.51612783e-01
   155 0  +9.96183355e-01  +7.12806168e-01
   156 1  +1.00000000e+00  +7.11634869e-01
   157 1  +3.18794301e-01  +1.00000000e+00
   158 0  +2.56154853e-01  +9.22049377e-01
   159 0  +1.80780148e-01  +8.56332912e-01
   160 0  +8.99298095e-02  +8.14545162e-01
   161 0  +8.28054489e-03  +7.56809579e-01
   162 1  +5.37764278e-17  +7.51514479e-01
   163 1  +6.07203201e-01  +1.00000000e+00
   164 0  +6.07532904e-01  +9.00000544e-01
   165 0  +5.77027140e-01  +8.04767155e-01
   166 0  +5.40740519e-01  +7.11583030e-01
   167 0  +5.15496970e-01  +6.14821657e-01
   168 0  +4.86813120e-01  +5.19023762e-01
   169 0  +4.72077664e-01  +4.20115388e-01
   170 0  +4.39337419e-01  +3.25626890e-01
   171 0  +4.05548074e-01  +2.31508453e-01
   172 0  +3.59458434e-01  +1.42763058e-01
   173 0  +3.27058603e-01  +4.81572921e-02
   174 1  +3.20377736e-01  -6.24500451e-17
   175 1  +1.00000000e+00  +4.64455199e-02
   176 0  +9.38722786e-01  +1.25471485e-01
   177 0  +8.61896632e-01  +1.89485092e-01
   178 0  +8.05485325e-01  +2.72054848e-01
   179 0  +7.38636493e-01  +3.46427111e-01
   180 0  +6.54744385e-01  +4.00852420e-01
   181 0  +5.63705793e-01  +4.42228436e-01
   182 0  +4.68532153e-01  +4.72920102e-01
   183 0  +3.87401462e-01  +5.31382149e-01
   184 0  +3.19536897e-01  +6.04828733e-01
   185 0  +2.46473572e-01  +6.73105747e-01
   186 0  +1.84642515e-01  +7.51699133e-01
   187 0  +1.17332397e-01  +8.25654174e-01
   188 0  +3.17297192e-02  +8.77347322e-01
   189 1  -6.93889390e-18  +9.05659225e-01
   190 1  +1.00000000e+00  +2.64664621e-01
   191 0  +9.93207297e-01  +1.64895592e-01
   192 0  +9.94974266e-01  +6.49112039e-02
   193 1  +9.89989969e-01  -2.49800181e-16
   194 1  +1.00000000e+00  +9.12031397e-01
   195 1  +9.66069228e-01  +1.00000000e+00
   196 1  +0.00000000e+00  +6.19748610e-01
   197 0  +2.52798794e-02  +7.16500498e-01
   198 0  +6.49752837e-02  +8.08284346e-01
   199 0  +1.10748288e-01  +8.97193469e-01
   200 0  +1.69263017e-01  +9.78286172e-01
   201 1  +1.83788189e-01  +1.00000000e+00
   202 1  +2.11073187e-01  +0.00000000e+00
   203 0  +2.79317492e-01  +7.30938763e-02
   204 0  +3.50973322e-01  +1.42846597e-01
   205 0  +4.20860727e-01  +2.14371073e-01
   206 0  +5.07562234e-01  +2.64199264e-01
   207 0  +5.92712576e-01  +3.16634170e-01
   208 0  +6.70277027e-01  +3.79751172e-01
   209 0  +7.40689469e-01  +4.50758833e-01
   210 0  +7.97515037e-01  +5.33044037e-01
   211 0  +8.66384530e-01  +6.05549161e-01
   212 0  +9.22373072e-01  +6.88406165e-01
   213 0  +9.60775131e-01  +7.80738618e-01
   214 1  +1.00000000e+00  +8.32401894e-01
   215 1  +7.91790927e-01  +1.00000000e+00
   216 0  +7.67396491e-01  +9.03021077e-01
   217 0  +7.27534275e-01  +8.11309552e-01
   218 0  +6.77513177e-01  +7.24719196e-01
   219 0  +6.33117731e-01  +6.35114262e-01
   220 0  +5.72517516e-01  +5.55567960e-01
   221 0  +4.93560513e-01  +4.94201914e-01
   222 0  +4.26006148e-01  +4.20469914e-01
   223 0  +3.40923145e-01  +3.67925813e-01
   224 0  +2.56041349e-01  +3.15057290e-01
   225 0  +1.86145407e-01  +2.43541157e-01
   226 0  +1.13167613e-01  +1.75172732e-01
   227 0  +3.74577272e-02  +1.09842699e-01
   228 1  +2.08166817e-16  +6.94479506e-02
   229 1  +1.64381714e-02  +1.00000000e+00
   230 0  +1.14793644e-01  +9.81938965e-01
   231 0  +2.12725936e-01  +9.61708637e-01
   232 0  +3.10502712e-01  +9.40739563e-01
   233 0  +4.00945625e-01  +8.98077172e-01
   234 0  +4.82669724e-01  +8.40447564e-01
   235 0  +5.58482398e-01  +7.75236842e-01
   236 0  +6.32984436e-01  +7.08532671e-01
   237 0  +7.12405158e-01  +6.47767970e-01
   238 0  +7.82580249e-01  +5.76525731e-01
   239 0  +8.28361343e-01  +4.87620774e-01
   240 0  +8.92289514e-01  +4.10723511e-01
   241 0  +9.40648464e-01  +3.23194020e-01
   242 0  +9.71394708e-01  +2.28037998e-01
   243 1  +1.00000000e+00  +1.76976811e-01
   244 1  +5.53610997e-01  +1.00000000e+00
   245 0  +5.37474054e-01  +9.01310593e-01
   246 0  +5.27492268e-01  +8.01810020e-01
   247 0  +5.27183256e-01  +7.01810498e-01
   248 0  +5.16119556e-01  +6.02424409e-01
   249 0  +4.93544556e-01  +5.05005883e-01
   250 0  +4.81303686e-01  +4.05757905e-01
   251 0  +4.57789045e-01  +3.08561909e-01
   252 0  +4.43789261e-01  +2.09546728e-01
   253 0  +4.16762018e-01  +1.13268339e-01
   254 0  +4.00470726e-01  +1.46042941e-02
   255 1  +3.99867858e-01  -9.54097912e-17
   256 1  +8.39461343e-01  +0.00000000e+00
   257 0  +9.06885463e-01  +7.38511211e-02
   258 0  +9.56987996e-01  +1.60394383e-01
   259 0  +9.89634350e-01  +2.54915363e-01
   260 1  +1.00000000e+00  +2.88324132e-01
   261 1  +0.00000000e+00  +4.48557824e-01
   262 0  +4.01030961e-03  +3.48638269e-01
   263 1  -1.30104261e-16  +2.98573457e-01
   264 1  +3.81936985e-01  +1.00000000e+00
   265 0  +3.68728923e-01  +9.00876102e-01
   266 0  +3.63232834e-01  +8.01027252e-01
   267 0  +3.68672818e-01  +7.01175328e-01
   268 0  +3.62657197e-01  +6.01356431e-01
   269 0  +3.42916869e-01  +5.03324194e-01
   270 0  +3.03827185e-01  +4.11280744e-01
   271 0  +2.73493778e-01  +3.15992317e-01
   272 0  +2.62073565e-01  +2.16646563e-01
   273 0  +2.60869591e-01  +1.16653811e-01
   274 0  +2.37065025e-01  +1.95284149e-02
   275 1  +2.29294461e-01  -6.24500451e-17
   276 1  +5.43062952e-01  +0.00000000e+00
   277 0  +4.50285301e-01  +3.73136361e-02
   278 0  +3.65782747e-01  +9.07862298e-02
   279 0  +2.80538160e-01  +1.43067779e-01
   280 0  +1.92544482e-01  +1.90576859e-01
   281 0  +1.01481017e-01  +2.31898105e-01
   282 0  +6.69513467e-03  +2.63767158e-01
   283 1  -4.27609337e-16  +2.67264760e-01
   284 1  +1.00000000e+00  +7.26140511e-01
   285 0  +9.04939867e-01  +7.57181954e-01
   286 0  +8.06175315e-01  +7.72852412e-01
   287 0  +7.12778195e-01  +8.08587239e-01
   288 0  +6.19676621e-01  +8.45085144e-01
   289 0  +5.30668303e-01  +8.90664955e-01
   290 0  +4.39813015e-01  +9.32441943e-01
   291 0  +3.49515424e-01  +9.75411059e-01
   292 1  +3.02798361e-01  +1.00000000e+00
   293 1  +4.65228877e-01  +0.00000000e+00
   294 0  +4.27351343e-01  +9.25488653e-02
   295 0  +4.06573257e-01  +1.90366405e-01
   296 0  +3.80678453e-01  +2.86955531e-01
   297 0  +3.52805994e-01  +3.82992638e-01
   298 0  +3.39475166e-01  +4.82100100e-01
   299 0  +3.48638528e-01  +5.81679379e-01
   300 0  +3.74137225e-01  +6.78373828e-01
   301 0  +4.11934862e-01  +7.70955352e-01
   302 0  +4.68380879e-01  +8.53501383e-01
   303 0  +5.41670906e-01  +9.21534992e-01
   304 0  +6.19186222e-01  +9.84712327e-01
   305 1  +6.34575093e-01  +1.00000000e+00
   306 1  +3.69408730e-01  +0.00000000e+00
   307 0  +3.26074669e-01  +9.01230225e-02
   308 0  +3.04603036e-01  +1.87790668e-01
   309 0  +2.92439215e-01  +2.87048118e-01
   310 0  +3.06667912e-01  +3.86030663e-01
   311 0  +3.12257396e-01  +4.85874329e-01
   312 0  +3.14995881e-01  +5.85836826e-01
   313 0  +3.15899650e-01  +6.85832742e-01
   314 0  +3.20413096e-01  +7.85730834e-01
   315 0  +2.96639786e-01  +8.82863886e-01
   316 0  +2.45898786e-01  +9.69034361e-01
   317 1  +2.31205860e-01  +1.00000000e+00
   318 1  +4.21750731e-01  +1.00000000e+00
   319 0  +4.62385997e-01  +9.08628368e-01
   320 0  +4.76504194e-01  +8.09630002e-01
   321 0  +5.13760749e-01  +7.16829414e-01
   322 0  +5.55269037e-01  +6.25851054e-01
   323 0  +6.11699561e-01  +5.43294431e-01
   324 0  +6.86772729e-01  +4.77233706e-01
   325 0  +7.55561227e-01  +4.04651735e-01
   326 0  +8.39203359e-01  +3.49843034e-01
   327 0  +9.35575665e-01  +3.23152610e-01
   328 1  +1.00000000e+00  +3.02049120e-01
   329 1  +5.11501906e-01  +0.00000000e+00
   330 0  +5.32108514e-01  +9.78538078e-02
   331 0  +5.24056097e-01  +1.97529073e-01
   332 0  +5.27673001e-01  +2.97463642e-01
   333 0  +5.06797058e-01  +3.95260344e-01
   334 0  +4.65605905e-01  +4.86382729e-01
   335 0  +4.03095422e-01  +5.64436810e-01
   336 0  +3.23932382e-01  +6.25536835e-01
   337 0  +2.57849592e-01  +7.00590581e-01
   338 0  +1.81009731e-01  +7.64587735e-01
   339 0  +9.27074304e-02  +8.11520706e-01
   340 1  -9.71445147e-17  +8.32038889e-01
   341 1  +9.06889144e-01  +0.00000000e+00
   342 0  +8.06891629e-01  +7.05044648e-04
   343 0  +7.06971385e-01  +4.69814433e-03
   344 1  +6.62768287e-01  -1.62196645e-16
   345 1  +1.00000000e+00  +6.28985530e-01
   346 0  +9.00036652e-01  +6.26278316e-01
   347 0  +8.00043168e-01  +6.27419939e-01
   348 0  +7.00354247e-01  +6.19538382e-01
   349 0  +6.03822088e-01  +5.93432018e-01
   350 0  +5.04494614e-01  +5.81853897e-01
   351 0  +4.05590881e-01  +5.96620473e-01
   352 0  +3.05617670e-01  +5.98934985e-01
   353 0  +2.08695457e-01  +6.23553770e-01
   354 0  +1.08695632e-01  +6.23366269e-01
   355 0  +1.10258058e-02  +6.01904560e-01
   356 1  -7.11236625e-17  +6.02370430e-01
   357 1  +9.31078075e-01  +0.00000000e+00
   358 1  +1.00000000e+00  +4.47782435e-02
   359 1  +0.00000000e+00  +6.21539091e-01
   360 0  +1.92487057e-02  +5.23409140e-01
   361 0  +2.08561251e-02  +4.23422060e-01
   362 0  +3.91732272e-02  +3.25113953e-01
   363 0  +7.88239159e-02  +2.33310779e-01
   364 0  +8.85218987e-02  +1.33782144e-01
   365 0  +7.82124200e-02  +3.43149905e-02
   366 1  +7.17732584e-02  -1.38777878e-17
   367 1  +2.68001332e-01  +1.00000000e+00
   368 0  +2.62081377e-01  +9.00175383e-01
   369 0  +2.85607504e-01  +8.02982167e-01
   370 0  +3.29512087e-01  +7.13135700e-01
   371 0  +3.55945413e-01  +6.16692560e-01
   372 0  +3.93046546e-01  +5.23829726e-01
   373 0  +4.07077992e-01  +4.24819027e-01
   374 0  +4.23643706e-01  +3.26200686e-01
   375 0  +4.57898438e-01  +2.32250628e-01
   376 0  +4.68812078e-01  +1.32847950e-01
   377 0  +4.81246469e-01  +3.36240320e-02
   378 1  +4.88426865e-01  -1.31838984e-16
   379 1  +6.59685585e-01  +0.00000000e+00
   380 0  +5.67703769e-01  +3.92344954e-02
   381 0  +4.82051665e-01  +9.08457064e-02
   382 0  +3.86088645e-01  +1.18972184e-01
   383 0  +2.90983806e-01  +1.49876384e-01
   384 0  +2.00308322e-01  +1.92042206e-01
   385 0  +1.15890598e-01  +2.45648624e-01
   386 0  +2.13499069e-02  +2.78237850e-01
   387 1  -4.68375339e-16  +2.84163531e-01
   388 1  +1.00000000e+00  +4.87701328e-02
   389 1  +9.97408217e-01  -2.56739074e-16
   390 1  +6.79823819e-01  +1.00000000e+00
   391 0  +6.00731322e-01  +9.38808686e-01
   392 0  +5.09371660e-01  +8.98146515e-01
   393 0  +4.32883623e-01  +8.33729280e-01
   394 0  +3.73971400e-01  +7.52924887e-01
   395 0  +3.02291404e-01  +6.83197000e-01
   396 0  +2.17715823e-01  +6.29839984e-01
   397 0  +1.25887326e-01  +5.90247976e-01
   398 0  +3.97239432e-02  +5.39494932e-01
   399 1  -9.02056208e-17  +5.25575105e-01
   400 1  +6.90054818e-02  +0.00000000e+00
   401 0  +1.96918736e-02  +8.69952185e-02
   402 1  -8.67361738e-17  +1.22684543e-01
   403 1  +4.44627725e-01  +0.00000000e+00
   404 0  +3.56234585e-01  +4.67616591e-02
   405 0  +2.69679923e-01  +9.68444946e-02
   406 0  +1.88123145e-01  +1.54710651e-01
   407 0  +1.26789737e-01  +2.33693010e-01
   408 0  +5.95503965e-02  +3.07712407e-01
   409 1  -1.17961196e-16  +3.78672730e-01
   410 1  +7.33657128e-01  +1.00000000e+00
   411 0  +7.21137441e-01  +9.00786808e-01
   412 0  +6.84507926e-01  +8.07736936e-01
   413 0  +6.65529755e-01  +7.09554306e-01
   414 0  +6.33498628e-01  +6.14823070e-01
   415 0  +5.76098862e-01  +5.32937376e-01
   416 0  +5.16595002e-01  +4.52567665e-01
   417 0  +4.40946857e-01  +3.87166149e-01
   418 0  +3.55008631e-01  +3.36032782e-01
   419 0  +2.57495075e-01  +3.13871859e-01
   420 0  +1.61190398e-01  +2.86938438e-01
   421 0  +6.41504073e-02  +2.62788072e-01
   422 1  +1.66533454e-16  +2.50961071e-01
   423 1  +0.00000000e+00  +8.08602681e-01
   424 0  +4.59239457e-02  +7.19771430e-01
   425 0  +6.86806395e-02  +6.22395186e-01
   426 0  +9.38556893e-02  +5.25615968e-01
   427 0  +1.41995112e-01  +4.37965549e-01
   428 0  +1.60986714e-01  +3.39785515e-01
   429 0  +2.09314432e-01  +2.52238775e-01
   430 0  +2.66927262e-01  +1.70502848e-01
   431 0  +3.28628263e-01  +9.18073179e-02
   432 0  +3.90479050e-01  +1.32294575e-02
   433 1  +3.99747107e-01  -9.88792381e-17
   434 1  +9.89033511e-01  +1.00000000e+00
   435 0  +8.89499750e-01  +9.90354773e-01
   436 0  +7.89574009e-01  +9.86501676e-01
   437 1  +7.13296991e-01  +1.00000000e+00
   438 1  +7.33922660e-01  +0.00000000e+00
   439 0  +7.63258042e-01  +9.56003943e-02
   440 0  +8.00541451e-01  +1.88390197e-01
   441 0  +8.12604804e-01  +2.87659908e-01
   442 0  +8.54103593e-01  +3.78642601e-01
   443 0  +8.67212156e-01  +4.77779706e-01
   444 0  +9.03452435e-01  +5.70981864e-01
   445 0  +9.63251597e-01  +6.51132099e-01
   446 1  +1.00000000e+00  +6.79679180e-01
   447 1  +8.92520122e-01  +1.00000000e+00
   448 0  +8.83247595e-01  +9.00430827e-01
   449 0  +8.88825979e-01  +8.00586540e-01
   450 0  +8.86872810e-01  +7.00605616e-01
   451 0  +9.13359346e-01  +6.04177076e-01
   452 0  +9.15884853e-01  +5.04208972e-01
   453 0  +9.23118879e-01  +4.04470971e-01
   454 0  +9.46520701e-01  +3.07247749e-01
   455 0  +9.95265397e-01  +2.19932490e-01
   456 1  +1.00000000e+00  +2.12866905e-01
   457 1  +6.28270459e-01  +1.00000000e+00
   458 0  +5.65669671e-01  +9.22018327e-01
   459 0  +4.92930187e-01  +8.53396411e-01
   460 0  +4.43989337e-01  +7.66190945e-01
   461 0  +3.79760170e-01  +6.89544914e-01
   462 0  +3.25204402e-01  +6.05737586e-01
   463 0  +2.54062137e-01  +5.35461146e-01
   464 0  +1.68011024e-01  +4.84517982e-01
   465 0  +7.57986831e-02  +4.45828393e-01
   466 1  -3.19189120e-16  +3.96929888e-01
   467 1  +1.34755420e-01  +0.00000000e+00
   468 0  +1.92341293e-01  +8.17549220e-02
   469 0  +2.39962712e-01  +1.69687854e-01
   470 0  +2.78337340e-01  +2.62031711e-01
   471 0  +3.22084150e-01  +3.51955103e-01
   472 0  +3.81033169e-01  +4.32732657e-01
   473 0  +4.51306928e-01  +5.03877571e-01
   474 0  +5.07130269e-01  +5.86845967e-01
   475 0  +5.66989401e-01  +6.66951424e-01
   476 0  +6.04367579e-01  +7.59703091e-01
   477 0  +6.24316210e-01  +8.57693153e-01
   478 0  +6.29744182e-01  +9.57545730e-01
   479 1  +6.36194743e-01  +1.00000000e+00
   480 1  +1.53728276e-01  +0.00000000e+00
   481 0  +2.42384179e-01  +4.62615469e-02
   482 0  +3.32827594e-01  +8.89228735e-02
   483 0  +4.13996467e-01  +1.47331897e-01
   484 0  +5.04211015e-01  +1.90475092e-01
   485 0  +5.85504874e-01  +2.48710034e-01
   486 0  +6.66598329e-01  +3.07223721e-01
   487 0  +7.45860188e-01  +3.68195500e-01
   488 0  +8.31527709e-01  +4.19781117e-01
   489 0  +8.99149699e-01  +4.93451100e-01
   490 0  +9.48246656e-01  +5.80568772e-01
   491 1  +1.00000000e+00  +6.38462598e-01
   492 1  +5.83766853e-01  +1.00000000e+00
   493 0  +6.68608264e-01  +9.47066693e-01
   494 0  +7.63276690e-01  +9.14850405e-01
   495 0  +8.47547208e-01  +8.61012874e-01
   496 0  +9.42100758e-01  +8.28460973e-01
   497 1  +1.00000000e+00  +8.02432349e-01
   498 1  +9.91329140e-01  +1.00000000e+00
   499 0  +9.15262954e-01  +9.35085169e-01
   500 0  +8.56350812e-01  +8.54280716e-01
   501 0  +8.23855032e-01  +7.59707864e-01
   502 0  +7.68244875e-01  +6.76596431e-01
   503 0  +7.06889836e-01  +5.97630874e-01
   504 0  +6.39831249e-01  +5.23447682e-01
   505 0  +5.64979246e-01  +4.57136464e-01
   506 0  +4.78617789e-01  +4.06721202e-01
   507 0  +3.90970211e-01  +3.58576607e-01
   508 0  +2.97750807e-01  +3.22380712e-01
   509 0  +2.06104278e-01  +2.82369291e-01
   510 0  +1.08034365e-01  +2.62817000e-01
   511 0  +1.05042621e-02  +2.40729016e-01
   512 1  -1.45716772e-16  +2.39539431e-01
   513 1  +4.14692892e-01  +1.00000000e+00
   514 0  +4.91389530e-01  +9.35831271e-01
   515 0  +5.79199851e-01  +8.87984145e-01
   516 0  +6.57039068e-01  +8.25206312e-01
   517 0  +7.39166595e-01  +7.68153097e-01
   518 0  +8.25005722e-01  +7.16853542e-01
   519 0  +9.10992830e-01  +6.65802419e-01
   520 1  +1.00000000e+00  +6.38138566e-01
   521 1  +7.09629504e-01  +0.00000000e+00
   522 0  +6.09887759e-01  +7.18223161e-03
   523 1  +5.30528257e-01  -1.30971622e-16
   524 1  +0.00000000e+00  +5.67521726e-01
   525 0  +8.81429195e-02  +5.20290108e-01
   526 0  +1.82704934e-01  +4.87762807e-01
   527 0  +2.82415896e-01  +4.80165170e-01
   528 0  +3.82389279e-01  +4.82472263e-01
   529 0  +4.80225929e-01  +4.61784346e-01
   530 0  +5.73191604e-01  +4.24941662e-01
   531 0  +6.64362471e-01  +3.83857929e-01
   532 0  +7.56296159e-01  +3.44510795e-01
   533 0  +8.55548715e-01  +3.32307105e-01
   534 0  +9.49970685e-01  +2.99375485e-01
   535 1  +1.00000000e+00  +2.94585136e-01
   536 1  +0.00000000e+00  +6.28684127e-01
   537 0  +4.50530727e-02  +5.39408035e-01
   538 0  +6.17011301e-02  +4.40803562e-01
   539 0  +8.32740310e-02  +3.43158234e-01
   540 0  +1.27537801e-01  +2.53488180e-01
   541 0  +1.82331330e-01  +1.69836107e-01
   542 0  +2.22489087e-01  +7.82536061e-02
   543 1  +2.76593455e-01  -8.32667268e-17
   544 1  +1.00000000e+00  +3.01682031e-01
   545 0  +9.91118067e-01  +2.02077255e-01
   546 0  +9.80773771e-01  +1.02613717e-01
   547 0  +9.46116597e-01  +8.81136957e-03
   548 1  +9.39762527e-01  -1.78676518e-16
   549 1  +0.00000000e+00  +1.89822244e-01
   550 0  +9.89455367e-02  +2.04306054e-01
   551 0  +1.98668669e-01  +2.11742246e-01
   552 0  +2.96282267e-01  +1.90026230e-01
   553 0  +3.95621166e-01  +1.78546544e-01
   554 0  +4.93909807e-01  +1.96967809e-01
   555 0  +5.93902639e-01  +1.98165108e-01
   556 0  +6.93335418e-01  +2.08801014e-01
   557 0  +7.92630755e-01  +1.96950437e-01
   558 0  +8.88286568e-01  +1.67796271e-01
   559 0  +9.86301606e-01  +1.47970724e-01
   560 1  +1.00000000e+00  +1.41415417e-01
   561 1  +2.34138818e-01  +0.00000000e+00
   562 0  +2.21789373e-01  +9.92345263e-02
   563 0  +1.85172769e-01  +1.92289479e-01
   564 0  +1.54517932e-01  +2.87474987e-01
   565 0  +1.10630980e-01  +3.77330068e-01
   566 0  +6.01819167e-02  +4.63671784e-01
   567 1  -2.08166817e-17  +5.21084330e-01
   568 1  +6.20925204e-01  +1.00000000e+00
   569 0  +6.86156520e-01  +9.24205044e-01
   570 0  +7.60189266e-01  +8.56980401e-01
   571 0  +8.45792574e-01  +8.05288297e-01
   572 0  +9.19505928e-01  +7.37713587e-01
   573 1  +1.00000000e+00  +6.86199771e-01
   574 1  +2.27418785e-02  +0.00000000e+00
   575 1  -1.14491749e-16  +2.91543250e-02
   576 1  +1.00000000e+00  +2.59230861e-01
   577 0  +9.00005367e-01  +2.60266914e-01
   578 0  +8.01710799e-01  +2.41877301e-01
   579 0  +7.11896132e-01  +1.97907702e-01
   580 0  +6.13355915e-01  +1.80883438e-01
   581 0  +5.13506294e-01  +1.75401365e-01
   582 0  +4.19404384e-01  +1.41566021e-01
   583 0  +3.36699488e-01  +8.53530309e-02
   584 0  +2.60014469e-01  +2.11704177e-02
   585 1  +2.11907870e-01  -4.85722573e-17
   586 1  +1.00000000e+00  +1.47946550e-01
   587 0  +9.04050252e-01  +1.76118272e-01
   588 0  +8.05205978e-01  +1.91277737e-01
   589 0  +7.05265322e-01  +1.87833130e-01
   590 0  +6.05325143e-01  +1.91291547e-01
   591 0  +5.07597341e-01  +1.70095398e-01
   592 0  +4.07653120e-01  +1.66755853e-01
   593 0  +3.11146552e-01  +1.40555046e-01
   594 0  +2.25566124e-01  +8.88250692e-02
   595 0  +1.30028518e-01  +5.92858450e-02
   596 0  +4.23018249e-02  +1.12855602e-02
   597 1  +2.49800181e-16  +3.28976129e-03
   598 1  +1.00000000e+00  +8.21742486e-01
   599 0  +9.00415300e-01  +8.30846750e-01
   600 0  +8.00640832e-01  +8.24134413e-01
   601 0  +7.01171470e-01  +8.13846266e-01
   602 0  +6.05704316e-01  +7.84080135e-01
   603 0  +5.15998792e-01  +7.39888292e-01
   604 0  +4.20055570e-01  +7.11694354e-01
   605 0  +3.29261667e-01  +6.69784127e-01
   606 0  +2.48917489e-01  +6.10245795e-01
   607 0  +1.62793886e-01  +5.59425276e-01
   608 0  +7.57342730e-02  +5.10225441e-01
   609 1  -8.32667268e-17  +4.45293469e-01
   610 1  +1.00000000e+00  +5.45451665e-01
   611 0  +9.49346412e-01  +6.31673553e-01
   612 0  +8.76145655e-01  +6.99803204e-01
   613 0  +8.03607954e-01  +7.68638383e-01
   614 0  +7.26648582e-01  +8.32491771e-01
   615 0  +6.40819869e-01  +8.83808745e-01
   616 0  +5.59009780e-01  +9.41316218e-01
   617 1  +4.94632033e-01  +1.00000000e+00
   618 1  +9.45346788e-01  +0.00000000e+00
   619 0  +8.92453827e-01  +8.48665698e-02
   620 0  +8.54789337e-01  +1.77502341e-01
   621 0  +8.25738095e-01  +2.73189464e-01
   622 0  +7.88637656e-01  +3.66052575e-01
   623 0  +7.26185394e-01  +4.44153247e-01
   624 0  +6.46288324e-01  +5.04290243e-01
   625 0  +5.77622846e-01  +5.76988607e-01
   626 0  +5.11680908e-01  +6.52166135e-01
   627 0  +4.38908966e-01  +7.20753630e-01
   628 0  +3.55679102e-01  +7.76186379e-01
   629 0  +2.60279642e-01  +8.06168758e-01
   630 0  +1.67516386e-01  +8.43518168e-01
   631 0  +7.06993821e-02  +8.68547506e-01
   632 1  -1.38777878e-17  +9.06513662e-01
   633 1  +0.00000000e+00  +3.40061503e-01
   634 0  +9.14898717e-02  +3.80429849e-01
   635 0  +1.71444846e-01  +4.40489837e-01
   636 0  +2.35538654e-01  +5.17249095e-01
   637 0  +2.73764093e-01  +6.09654808e-01
   638 0  +2.83816396e-01  +7.09148282e-01
   639 0  +2.75096439e-01  +8.08767368e-01
   640 0  +2.83115216e-01  +9.08445345e-01
   641 1  +3.02334187e-01  +1.00000000e+00
   642 1  +6.99160231e-01  +1.00000000e+00
   643 0  +7.91193626e-01  +9.60886649e-01
   644 0  +8.87982249e-01  +9.35747786e-01
   645 0  +9.85795185e-01  +9.14948038e-01
   646 1  +1.00000000e+00  +9.14471910e-01
   647 1  +1.00000000e+00  +4.53599953e-01
   648 0  +9.18890536e-01  +5.12091448e-01
   649 0  +8.46623773e-01  +5.81211018e-01
   650 0  +7.60561844e-01  +6.32135907e-01
   651 0  +6.91573401e-01  +7.04527859e-01
   652 0  +6.44407633e-01  +7.92706033e-01
   653 0  +5.83330840e-01  +8.71886999e-01
   654 0  +5.19981998e-01  +9.49262216e-01
   655 1  +4.77382734e-01  +1.00000000e+00
   656 1  +1.00000000e+00  +9.41509982e-01
   657 0  +9.04990590e-01  +9.72706329e-01
   658 1  +8.35273544e-01  +1.00000000e+00
   659 1  +8.53952601e-01  +1.00000000e+00
   660 0  +9.01033060e-01  +9.11776248e-01
   661 0  +9.53872953e-01  +8.26876627e-01
   662 0  +9.94830968e-01  +7.35649213e-01
   663 1  +1.00000000e+00  +7.21033582e-01
   664 1  +1.00000000e+00  +5.92109921e-01
   665 0  +9.26577764e-01  +5.24219014e-01
   666 0  +8.60122278e-01  +4.49495066e-01
   667 0  +7.80802868e-01  +3.88598177e-01
   668 0  +6.90346753e-01  +3.45963785e-01
   669 0  +5.91287727e-01  +3.32277689e-01
   670 0  +4.91306187e-01  +3.30356327e-01
   671 0  +3.92217371e-01  +3.43825051e-01
   672 0  +2.92471568e-01  +3.50950705e-01
   673 0  +1.93977248e-01  +3.68238531e-01
   674 0  +1.00201144e-01  +4.02966650e-01
   675 0  +8.14356279e-03  +4.42023042e-01
   676 1  -1.21430643e-16  +4.48998160e-01
   677 1  +6.77918792e-01  +1.00000000e+00
   678 0  +7.49857191e-01  +9.30538739e-01
   679 0  +8.04392687e-01  +8.46718219e-01
   680 0  +8.75800266e-01  +7.76711378e-01
   681 0  +9.56106956e-01  +7.17122490e-01
   682 1  +1.00000000e+00  +6.57331727e-01
   683 1  +1.00000000e+00  +2.93850227e-01
   684 0  +9.04443867e-01  +3.23329464e-01
   685 0  +8.04445164e-01  +3.23838765e-01
   686 0  +7.05470961e-01  +3.09552158e-01
   687 0  +6.08390199e-01  +2.85566210e-01
   688 0  +5.20551871e-01  +2.37770518e-01
   689 0  +4.36804855e-01  +1.83122213e-01
   690 0  +3.59623103e-01  +1.19537803e-01
   691 0  +2.67591533e-01  +8.04201588e-02
   692 0  +1.73748570e-01  +4.58731142e-02
   693 1  +1.06560901e-01  -2.08166817e-17
   694 1  +0.00000000e+00  +6.07407129e-02
   695 1  +3.37188295e-02  -6.93889390e-18
   696 1  +4.58258751e-01  +0.00000000e+00
   697 0  +4.97904933e-01  +9.18051210e-02
   698 0  +5.25663909e-01  +1.87875092e-01
   699 0  +5.25194033e-01  +2.87873988e-01
   700 0  +5.22927452e-01  +3.87848298e-01
   701 0  +5.26875426e-01  +4.87770335e-01
   702 0  +5.32183457e-01  +5.87629359e-01
   703 0  +5.20563263e-01  +6.86951920e-01
   704 0  +4.89993251e-01  +7.82164705e-01
   705 0  +4.43218343e-01  +8.70550835e-01
   706 0  +3.75737625e-01  +9.44350243e-01
   707 1  +3.37832905e-01  +1.00000000e+00
   708 1  +1.00000000e+00  +3.17470035e-01
   709 0  +9.49228952e-01  +4.03622810e-01
   710 0  +9.12523647e-01  +4.96642811e-01
   711 0  +8.77110533e-01  +5.90162388e-01
   712 0  +8.66737614e-01  +6.89622946e-01
   713 0  +8.86881905e-01  +7.87572972e-01
   714 0  +9.34808115e-01  +8.75340155e-01
   715 0  +9.86147413e-01  +9.61155517e-01
   716 1  +1.00000000e+00  +9.89419699e-01
   717 1  +7.65679343e-02  +1.00000000e+00
   718 0  +1.12390816e-01  +9.06636618e-01
   719 0  +1.32978611e-01  +8.08778850e-01
   720 0  +1.25646355e-01  +7.09048022e-01
   721 0  +1.13048798e-01  +6.09844688e-01
   722 0  +1.05515159e-01  +5.10128870e-01
   723 0  +9.87708436e-02  +4.10356558e-01
   724 0  +8.70133219e-02  +3.11050160e-01
   725 0  +7.06686317e-02  +2.12394947e-01
   726 0  +3.46301015e-02  +1.19114594e-01
   727 1  -4.85722573e-17  +5.79811742e-02
   728 1  +3.26210161e-01  +1.00000000e+00
   729 0  +2.44786170e-01  +9.41947147e-01
   730 0  +1.74940803e-01  +8.70381620e-01
   731 0  +1.11963302e-01  +7.92703860e-01
   732 0  +6.18722344e-02  +7.06153962e-01
   733 0  +4.11517988e-03  +6.24519884e-01
   734 1  -7.80625564e-17  +6.18148978e-01
   735 1  +0.00000000e+00  +6.18184727e-01
   736 0  +3.75332439e-02  +5.25495701e-01
   737 0  +6.52357832e-02  +4.29409441e-01
   738 0  +6.23408422e-02  +3.29451353e-01
   739 0  +6.51885999e-02  +2.29491910e-01
   740 0  +9.48286179e-02  +1.33985526e-01
   741 0  +1.38877600e-01  +4.42097660e-02
   742 1  +1.45297213e-01  -3.46944695e-17
   743 1  +2.86511383e-01  +1.00000000e+00
   744 0  +2.88865936e-01  +9.00027723e-01
   745 0  +2.90280314e-01  +8.00037726e-01
   746 0  +2.88712241e-01  +7.00050021e-01
   747 0  +2.69358756e-01  +6.01940681e-01
   748 0  +2.42341210e-01  +5.05659571e-01
   749 0  +2.00044474e-01  +4.15045079e-01
   750 0  +1.32389316e-01  +3.41405555e-01
   751 0  +6.69407000e-02  +2.65798156e-01
   752 0  +1.06381016e-02  +1.83154237e-01
   753 1  -1.83880688e-16  +1.65235920e-01
   754 1  +1.00000000e+00  +9.81928463e-01
   755 0  +9.00868370e-01  +9.95078367e-01
   756 1  +8.61796677e-01  +1.00000000e+00
   757 1  +9.26461092e-01  +0.00000000e+00
   758 0  +9.20795255e-01  +9.98393624e-02
   759 0  +8.95073834e-01  +1.96474804e-01
   760 0  +8.80700987e-01  +2.95436520e-01
   761 0  +8.66267438e-01  +3.94389401e-01
   762 0  +8.81878652e-01  +4.93163335e-01
   763 0  +8.88946236e-01  +5.92913268e-01
   764 0  +8.91944451e-01  +6.92868312e-01
   765 0  +9.09855360e-01  +7.91251234e-01
   766 0  +9.15946015e-01  +8.91065581e-01
   767 0  +9.29525300e-01  +9.90139306e-01
   768 1  +9.28065664e-01  +1.00000000e+00
   769 1  +0.00000000e+00  +4.63081596e-02
   770 1  +4.16342501e-02  -6.93889390e-18
   771 1  +0.00000000e+00  +5.76809894e-01
   772 0  +9.04500571e-02  +5.34162653e-01
   773 0  +1.76340777e-01  +4.82949528e-01
   774 0  +2.70222431e-01  +4.48507763e-01
   775 0  +3.55574179e-01  +3.96401342e-01
   776 0  +4.28126097e-01  +3.27581148e-01
   777 0  +4.94047288e-01  +2.52385426e-01
   778 0  +5.63705104e-01  +1.80637335e-01
   779 0  +6.13074647e-01  +9.36738466e-02
   780 1  +6.43138626e-01  -1.52655666e-16
   781 1  +0.00000000e+00  +7.43890073e-01
   782 0  +2.83413222e-04  +8.43889672e-01
   783 0  +2.39471863e-02  +9.41049467e-01
   784 1  +2.76233200e-02  +1.00000000e+00
   785 1  +1.00000000e+00  +7.90452432e-01
   786 0  +9.05626989e-01  +8.23524094e-01
   787 0  +8.20624608e-01  +8.76198520e-01
   788 0  +7.34724505e-01  +9.27395905e-01
   789 0  +6.40638352e-01  +9.61275043e-01
   790 1  +5.60271031e-01  +1.00000000e+00
   791 1  +2.55426724e-01  +0.00000000e+00
   792 0  +2.48663454e-01  +9.97710287e-02
   793 0  +2.60905595e-01  +1.99018850e-01
   794 0  +2.66193327e-01  +2.98878951e-01
   795 0  +2.57634774e-01  +3.98512034e-01
   796 0  +2.77540262e-01  +4.96510869e-01
   797 0  +3.07680866e-01  +5.91860457e-01
   798 0  +3.07180832e-01  +6.91859207e-01
   799 0  +2.94468795e-01  +7.91047936e-01
   800 0  +2.80668426e-01  +8.90091108e-01
   801 0  +2.96904386e-01  +9.88764274e-01
   802 1  +2.98236061e-01  +1.00000000e+00
   803 1  +3.84535529e-01  +1.00000000e+00
   804 0  +4.73985314e-01  +9.55292775e-01
   805 0  +5.67091653e-01  +9.18807030e-01
   806 0  +6.61116814e-01  +8.84758987e-01
   807 0  +7.60771445e-01  +8.76455105e-01
   808 0  +8.59460401e-01  +8.92594805e-01
   809 0  +9.59458510e-01  +8.91979821e-01
   810 1  +1.00000000e+00  +8.84214650e-01
   811 1  +1.00000000e+00  +6.16155959e-01
   812 0  +9.16563860e-01  +5.61034180e-01
   813 0  +8.36724181e-01  +5.00821011e-01
   814 0  +7.62963405e-01  +4.33298069e-01
   815 0  +6.98424776e-01  +3.56912432e-01
   816 0  +6.31181988e-01  +2.82896167e-01
   817 0  +5.83076749e-01  +1.95226983e-01
   818 0  +5.12380450e-01  +1.24501928e-01
   819 0  +4.52116093e-01  +4.47008797e-02
   820 1  +4.15297897e-01  -1.17961196e-16
   821 1  +0.00000000e+00  +5.88753134e-01
   822 0  +9.85248353e-02  +5.71640074e-01
   823 0  +1.97581459e-01  +5.85343553e-01
   824 0  +2.95167860e-01  +6.07181461e-01
   825 0  +3.82394855e-01  +6.56083929e-01
   826 0  +4.72511309e-01  +6.99431647e-01
   827 0  +5.71211699e-01  +7.15501277e-01
   828 0  +6.70231480e-01  +7.29468494e-01
   829 0  +7.61542607e-01  +7.70239539e-01
   830 0  +8.52418543e-01  +8.11971591e-01
   831 0  +9.46702000e-01  +8.45297702e-01
   832 1  +1.00000000e+00  +8.50833652e-01
   833 1  +7.08916446e-01  +0.00000000e+00
   834 0  +7.57243990e-01  +8.75468362e-02
   835 0  +8.18306075e-01  +1.66739145e-01
   836 0  +8.58959995e-01  +2.58102479e-01
   837 0  +8.89017543e-01  +3.53478282e-01
   838 0  +9.31895861e-01  +4.43819025e-01
   839 0  +9.46269534e-01  +5.42780621e-01
   840 0  +9.30673335e-01  +6.41556927e-01
   841 0  +9.20514992e-01  +7.41039629e-01
   842 0  +9.19578391e-01  +8.41035243e-01
   843 0  +8.89254926e-01  +9.36326835e-01
   844 1  +8.49927787e-01  +1.00000000e+00
   845 1  +6.83680075e-01  +0.00000000e+00
   846 0  +6.22632758e-01  +7.92036938e-02
   847 0  +5.71538258e-01  +1.65165035e-01
   848 0  +5.21237585e-01  +2.51593284e-01
   849 0  +4.79283257e-01  +3.42366817e-01
   850 0  +4.22482838e-01  +4.24669383e-01
   851 0  +3.50004840e-01  +4.93567422e-01
   852 0  +2.63269366e-01  +5.43336464e-01
   853 0  +1.72391116e-01  +5.85063478e-01
   854 0  +8.81852917e-02  +6.39002140e-01
   855 1  -4.16333634e-17  +6.66855247e-01
   856 1  +3.01538315e-01  +0.00000000e+00
   857 0  +3.94598241e-01  +3.66039628e-02
   858 0  +4.73885606e-01  +9.75425687e-02
   859 0  +5.65661367e-01  +1.37256669e-01
   860 0  +6.45029143e-01  +1.98090509e-01
   861 0  +7.20053530e-01  +2.64206630e-01
   862 0  +7.85138823e-01  +3.40127013e-01
   863 0  +8.69917493e-01  +3.93160750e-01
   864 0  +9.61323183e-01  +4.33719347e-01
   865 1  +1.00000000e+00  +4.49476655e-01
*Segmentos 
766
     0     0     1
     1     1     2
     2     2     3
     3     3     4
     4     4     5
     5     5     6
     6     6     7
     7     7     8
     8     8     9
     9     9    10
    10    10    11
    11    12    13
    12    13    14
    13    14    15
    14    15    16
    15    16    17
    16    17    18
    17    18    19
    18    19    20
    19    20    21
    20    21    22
    21    22    23
    22    23    24
    23    25    26
    24    26    27
    25    27    28
    26    28    29
    27    29    30
    28    30    31
    29    31    32
    30    32    33
    31    33    34
    32    34    35
    33    35    36
    34    37    38
    35    38    39
    36    39    40
    37    41    42
    38    42    43
    39    43    44
    40    44    45
    41    45    46
    42    46    47
    43    48    49
    44    49    50
    45    50    51
    46    51    52
    47    53    54
    48    54    55
    49    55    56
    50    56    57
    51    57    58
    52    58    59
    53    59    60
    54    60    61
    55    61    62
    56    62    63
    57    63    64
    58    65    66
    59    66    67
    60    67    68
    61    68    69
    62    69    70
    63    70    71
    64    71    72
    65    72    73
    66    73    74
    67    74    75
    68    75    76
    69    77    78
    70    78    79
    71    79    80
    72    80    81
    73    81    82
    74    82    83
    75    84    85
    76    85    86
    77    86    87
    78    88    89
    79    90    91
    80    92    93
    81    93    94
    82    94    95
    83    95    96
    84    96    97
    85    97    98
    86    98    99
    87    99   100
    88   100   101
    89   101   102
    90   102   103
    91   103   104
    92   104   105
    93   106   107
    94   107   108
    95   108   109
    96   109   110
    97   110   111
    98   111   112
    99   112   113
   100   113   114
   101   114   115
   102   115   116
   103   116   117
   104   117   118
   105   119   120
   106   120   121
   107   121   122
   108   122   123
   109   123   124
   110   124   125
   111   126   127
   112   127   128
   113   128   129
   114   129   130
   115   130   131
   116   131   132
   117   132   133
   118   133   134
   119   134   135
   120   135   136
   121   136   137
   122   138   139
   123   139   140
   124   140   141
   125   141   142
   126   142   143
   127   144   145
   128   145   146
   129   146   147
   130   147   148
   131   148   149
   132   150   151
   133   151   152
   134   152   153
   135   153   154
   136   154   155
   137   155   156
   138   157   158
   139   158   159
   140   159   160
   141   160   161
   142   161   162
   143   163   164
   144   164   165
   145   165   166
   146   166   167
   147   167   168
   148   168   169
   149   169   170
   150   170   171
   151   171   172
   152   172   173
   153   173   174
   154   175   176
   155   176   177
   156   177   178
   157   178   179
   158   179   180
   159   180   181
   160   181   182
   161   182   183
   162   183   184
   163   184   185
   164   185   186
   165   186   187
   166   187   188
   167   188   189
   168   190   191
   169   191   192
   170   192   193
   171   194   195
   172   196   197
   173   197   198
   174   198   199
   175   199   200
   176   200   201
   177   202   203
   178   203   204
   179   204   205
   180   205   206
   181   206   207
   182   207   208
   183   208   209
   184   209   210
   185   210   211
   186   211   212
   187   212   213
   188   213   214
   189   215   216
   190   216   217
   191   217   218
   192   218   219
   193   219   220
   194   220   221
   195   221   222
   196   222   223
   197   223   224
   198   224   225
   199   225   226
   200   226   227
   201   227   228
   202   229   230
   203   230   231
   204   231   232
   205   232   233
   206   233   234
   207   234   235
   208   235   236
   209   236   237
   210   237   238
   211   238   239
   212   239   240
   213   240   241
   214   241   242
   215   242   243
   216   244   245
   217   245   246
   218   246   247
   219   247   248
   220   248   249
   221   249   250
   222   250   251
   223   251   252
   224   252   253
   225   253   254
   226   254   255
   227   256   257
   228   257   258
   229   258   259
   230   259   260
   231   261   262
   232   262   263
   233   264   265
   234   265   266
   235   266   267
   236   267   268
   237   268   269
   238   269   270
   239   270   271
   240   271   272
   241   272   273
   242   273   274
   243   274   275
   244   276   277
   245   277   278
   246   278   279
   247   279   280
   248   280   281
   249   281   282
   250   282   283
   251   284   285
   252   285   286
   253   286   287
   254   287   288
   255   288   289
   256   289   290
   257   290   291
   258   291   292
   259   293   294
   260   294   295
   261   295   296
   262   296   297
   263   297   298
   264   298   299
   265   299   300
   266   300   301
   267   301   302
   268   302   303
   269   303   304
   270   304   305
   271   306   307
   272   307   308
   273   308   309
   274   309   310
   275   310   311
   276   311   312
   277   312   313
   278   313   314
   279   314   315
   280   315   316
   281   316   317
   282   318   319
   283   319   320
   284   320   321
   285   321   322
   286   322   323
   287   323   324
   288   324   325
   289   325   326
   290   326   327
   291   327   328
   292   329   330
   293   330   331
   294   331   332
   295   332   333
   296   333   334
   297   334   335
   298   335   336
   299   336   337
   300   337   338
   301   338   339
   302   339   340
   303   341   342
   304   342   343
   305   343   344
   306   345   346
   307   346   347
   308   347   348
   309   348   349
   310   349   350
   311   350   351
   312   351   352
   313   352   353
   314   353   354
   315   354   355
   316   355   356
   317   357   358
   318   359   360
   319   360   361
   320   361   362
   321   362   363
   322   363   364
   323   364   365
   324   365   366
   325   367   368
   326   368   369
   327   369   370
   328   370   371
   329   371   372
   330   372   373
   331   373   374
   332   374   375
   333   375   376
   334   376   377
   335   377   378
   336   379   380
   337   380   381
   338   381   382
   339   382   383
   340   383   384
   341   384   385
   342   385   386
   343   386   387
   344   388   389
   345   390   391
   346   391   392
   347   392   393
   348   393   394
   349   394   395
   350   395   396
   351   396   397
   352   397   398
   353   398   399
   354   400   401
   355   401   402
   356   403   404
   357   404   405
   358   405   406
   359   406   407
   360   407   408
   361   408   409
   362   410   411
   363   411   412
   364   412   413
   365   413   414
   366   414   415
   367   415   416
   368   416   417
   369   417   418
   370   418   419
   371   419   420
   372   420   421
   373   421   422
   374   423   424
   375   424   425
   376   425   426
   377   426   427
   378   427   428
   379   428   429
   380   429   430
   381   430   431
   382   431   432
   383   432   433
   384   434   435
   385   435   436
   386   436   437
   387   438   439
   388   439   440
   389   440   441
   390   441   442
   391   442   443
   392   443   444
   393   444   445
   394   445   446
   395   447   448
   396   448   449
   397   449   450
   398   450   451
   399   451   452
   400   452   453
   401   453   454
   402   454   455
   403   455   456
   404   457   458
   405   458   459
   406   459   460
   407   460   461
   408   461   462
   409   462   463
   410   463   464
   411   464   465
   412   465   466
   413   467   468
   414   468   469
   415   469   470
   416   470   471
   417   471   472
   418   472   473
   419   473   474
   420   474   475
   421   475   476
   422   476   477
   423   477   478
   424   478   479
   425   480   481
   426   481   482
   427   482   483
   428   483   484
   429   484   485
   430   485   486
   431   486   487
   432   487   488
   433   488   489
   434   489   490
   435   490   491
   436   492   493
   437   493   494
   438   494   495
   439   495   496
   440   496   497
   441   498   499
   442   499   500
   443   500   501
   444   501   502
   445   502   503
   446   503   504
   447   504   505
   448   505   506
   449   506   507
   450   507   508
   451   508   509
   452   509   510
   453   510   511
   454   511   512
   455   513   514
   456   514   515
   457   515   516
   458   516   517
   459   517   518
   460   518   519
   461   519   520
   462   521   522
   463   522   523
   464   524   525
   465   525   526
   466   526   527
   467   527   528
   468   528   529
   469   529   530
   470   530   531
   471   531   532
   472   532   533
   473   533   534
   474   534   535
   475   536   537
   476   537   538
   477   538   539
   478   539   540
   479   540   541
   480   541   542
   481   542   543
   482   544   545
   483   545   546
   484   546   547
   485   547   548
   486   549   550
   487   550   551
   488   551   552
   489   552   553
   490   553   554
   491   554   555
   492   555   556
   493   556   557
   494   557   558
   495   558   559
   496   559   560
   497   561   562
   498   562   563
   499   563   564
   500   564   565
   501   565   566
   502   566   567
   503   568   569
   504   569   570
   505   570   571
   506   571   572
   507   572   573
   508   574   575
   509   576   577
   510   577   578
   511   578   579
   512   579   580
   513   580   581
   514   581   582
   515   582   583
   516   583   584
   517   584   585
   518   586   587
   519   587   588
   520   588   589
   521   589   590
   522   590   591
   523   591   592
   524   592   593
   525   593   594
   526   594   595
   527   595   596
   528   596   597
   529   598   599
   530   599   600
   531   600   601
   532   601   602
   533   602   603
   534   603   604
   535   604   605
   536   605   606
   537   606   607
   538   607   608
   539   608   609
   540   610   611
   541   611   612
   542   612   613
   543   613   614
   544   614   615
   545   615   616
   546   616   617
   547   618   619
   548   619   620
   549   620   621
   550   621   622
   551   622   623
   552   623   624
   553   624   625
   554   625   626
   555   626   627
   556   627   628
   557   628   629
   558   629   630
   559   630   631
   560   631   632
   561   633   634
   562   634   635
   563   635   636
   564   636   637
   565   637   638
   566   638   639
   567   639   640
   568   640   641
   569   642   643
   570   643   644
   571   644   645
   572   645   646
   573   647   648
   574   648   649
   575   649   650
   576   650   651
   577   651   652
   578   652   653
   579   653   654
   580   654   655
   581   656   657
   582   657   658
   583   659   660
   584   660   661
   585   661   662
   586   662   663
   587   664   665
   588   665   666
   589   666   667
   590   667   668
   591   668   669
   592   669   670
   593   670   671
   594   671   672
   595   672   673
   596   673   674
   597   674   675
   598   675   676
   599   677   678
   600   678   679
   601   679   680
   602   680   681
   603   681   682
   604   683   684
   605   684   685
   606   685   686
   607   686   687
   608   687   688
   609   688   689
   610   689   690
   611   690   691
   612   691   692
   613   692   693
   614   694   695
   615   696   697
   616   697   698
   617   698   699
   618   699   700
   619   700   701
   620   701   702
   621   702   703
   622   703   704
   623   704   705
   624   705   706
   625   706   707
   626   708   709
   627   709   710
   628   710   711
   629   711   712
   630   712   713
   631   713   714
   632   714   715
   633   715   716
   634   717   718
   635   718   719
   636   719   720
   637   720   721
   638   721   722
   639   722   723
   640   723   724
   641   724   725
   642   725   726
   643   726   727
   644   728   729
   645   729   730
   646   730   731
   647   731   732
   648   732   733
   649   733   734
   650   735   736
   651   736   737
   652   737   738
   653   738   739
   654   739   740
   655   740   741
   656   741   742
   657   743   744
   658   744   745
   659   745   746
   660   746   747
   661   747   748
   662   748   749
   663   749   750
   664   750   751
   665   751   752
   666   752   753
   667   754   755
   668   755   756
   669   757   758
   670   758   759
   671   759   760
   672   760   761
   673   761   762
   674   762   763
   675   763   764
   676   764   765
   677   765   766
   678   766   767
   679   767   768
   680   769   770
   681   771   772
   682   772   773
   683   773   774
   684   774   775
   685   775   776
   686   776   777
   687   777   778
   688   778   779
   689   779   780
   690   781   782
   691   782   783
   692   783   784
   693   785   786
   694   786   787
   695   787   788
   696   788   789
   697   789   790
   698   791   792
   699   792   793
   700   793   794
   701   794   795
   702   795   796
   703   796   797
   704   797   798
   705   798   799
   706   799   800
   707   800   801
   708   801   802
   709   803   804
   710   804   805
   711   805   806
   712   806   807
   713   807   808
   714   808   809
   715   809   810
   716   811   812
   717   812   813
   718   813   814
   719   814   815
   720   815   816
   721   816   817
   722   817   818
   723   818   819
   724   819   820
   725   821   822
   726   822   823
   727   823   824
   728   824   825
   729   825   826
   730   826   827
   731   827   828
   732   828   829
   733   829   830
   734   830   831
   735   831   832
   736   833   834
   737   834   835
   738   835   836
   739   836   837
   740   837   838
   741   838   839
   742   839   840
   743   840   841
   744   841   842
   745   842   843
   746   843   844
   747   845   846
   748   846   847
   749   847   848
   750   848   849
   751   849   850
   752   850   851
   753   851   852
   754   852   853
   755   853   854
   756   854   855
   757   856   857
   758   857   858
   759   858   859
   760   859   860
   761   860   861
   762   861   862
   763   862   863
   764   863   864
   765   864   865
*Fibras 
100
     0     0     1     2     3     4     5     6     7     8     9    10
     1    11    12    13    14    15    16    17    18    19    20    21    22
     2    23    24    25    26    27    28    29    30    31    32    33
     3    34    35    36
     4    37    38    39    40    41    42
     5    43    44    45    46
     6    47    48    49    50    51    52    53    54    55    56    57
     7    58    59    60    61    62    63    64    65    66    67    68
     8    69    70    71    72    73    74
     9    75    76    77
    10    78
    11    79
    12    80    81    82    83    84    85    86    87    88    89    90    91    92
    13    93    94    95    96    97    98    99   100   101   102   103   104
    14   105   106   107   108   109   110
    15   111   112   113   114   115   116   117   118   119   120   121
    16   122   123   124   125   126
    17   127   128   129   130   131
    18   132   133   134   135   136   137
    19   138   139   140   141   142
    20   143   144   145   146   147   148   149   150   151   152   153
    21   154   155   156   157   158   159   160   161   162   163   164   165   166   167
    22   168   169   170
    23   171
    24   172   173   174   175   176
    25   177   178   179   180   181   182   183   184   185   186   187   188
    26   189   190   191   192   193   194   195   196   197   198   199   200   201
    27   202   203   204   205   206   207   208   209   210   211   212   213   214   215
    28   216   217   218   219   220   221   222   223   224   225   226
    29   227   228   229   230
    30   231   232
    31   233   234   235   236   237   238   239   240   241   242   243
    32   244   245   246   247   248   249   250
    33   251   252   253   254   255   256   257   258
    34   259   260   261   262   263   264   265   266   267   268   269   270
    35   271   272   273   274   275   276   277   278   279   280   281
    36   282   283   284   285   286   287   288   289   290   291
    37   292   293   294   295   296   297   298   299   300   301   302
    38   303   304   305
    39   306   307   308   309   310   311   312   313   314   315   316
    40   317
    41   318   319   320   321   322   323   324
    42   325   326   327   328   329   330   331   332   333   334   335
    43   336   337   338   339   340   341   342   343
    44   344
    45   345   346   347   348   349   350   351   352   353
    46   354   355
    47   356   357   358   359   360   361
    48   362   363   364   365   366   367   368   369   370   371   372   373
    49   374   375   376   377   378   379   380   381   382   383
    50   384   385   386
    51   387   388   389   390   391   392   393   394
    52   395   396   397   398   399   400   401   402   403
    53   404   405   406   407   408   409   410   411   412
    54   413   414   415   416   417   418   419   420   421   422   423   424
    55   425   426   427   428   429   430   431   432   433   434   435
    56   436   437   438   439   440
    57   441   442   443   444   445   446   447   448   449   450   451   452   453   454
    58   455   456   457   458   459   460   461
    59   462   463
    60   464   465   466   467   468   469   470   471   472   473   474
    61   475   476   477   478   479   480   481
    62   482   483   484   485
    63   486   487   488   489   490   491   492   493   494   495   496
    64   497   498   499   500   501   502
    65   503   504   505   506   507
    66   508
    67   509   510   511   512   513   514   515   516   517
    68   518   519   520   521   522   523   524   525   526   527   528
    69   529   530   531   532   533   534   535   536   537   538   539
    70   540   541   542   543   544   545   546
    71   547   548   549   550   551   552   553   554   555   556   557   558   559   560
    72   561   562   563   564   565   566   567   568
    73   569   570   571   572
    74   573   574   575   576   577   578   579   580
    75   581   582
    76   583   584   585   586
    77   587   588   589   590   591   592   593   594   595   596   597   598
    78   599   600   601   602   603
    79   604   605   606   607   608   609   610   611   612   613
    80   614
    81   615   616   617   618   619   620   621   622   623   624   625
    82   626   627   628   629   630   631   632   633
    83   634   635   636   637   638   639   640   641   642   643
    84   644   645   646   647   648   649
    85   650   651   652   653   654   655   656
    86   657   658   659   660   661   662   663   664   665   666
    87   667   668
    88   669   670   671   672   673   674   675   676   677   678   679
    89   680
    90   681   682   683   684   685   686   687   688   689
    91   690   691   692
    92   693   694   695   696   697
    93   698   699   700   701   702   703   704   705   706   707   708
    94   709   710   711   712   713   714   715
    95   716   717   718   719   720   721   722   723   724
    96   725   726   727   728   729   730   731   732   733   734   735
    97   736   737   738   739   740   741   742   743   744   745   746
    98   747   748   749   750   751   752   753   754   755   756
    99   757   758   759   760   761   762   763   764   765
