*Parametros (L) 
   1.00000000e+00
*Coordenadas 
1227
     0 1  +8.97041463e-02  +1.00000000e+00
     1 0  +4.12714663e-02  +9.57486921e-01
     2 0  +1.60889054e-02  +8.98166393e-01
     3 1  -2.42861287e-17  +8.50705514e-01
     4 1  +3.57380253e-01  +0.00000000e+00
     5 0  +3.91017581e-01  +5.49692326e-02
     6 0  +4.37623503e-01  +9.94773728e-02
     7 0  +4.64902659e-01  +1.57863450e-01
     8 0  +5.01602848e-01  +2.10836864e-01
     9 0  +5.21424584e-01  +2.72157213e-01
    10 0  +5.37631680e-01  +3.34530416e-01
    11 0  +5.32341910e-01  +3.98757394e-01
    12 0  +5.43213662e-01  +4.62278190e-01
    13 0  +5.71047676e-01  +5.20401800e-01
    14 0  +5.71507009e-01  +5.84844608e-01
    15 0  +5.81814966e-01  +6.48459326e-01
    16 0  +5.83721391e-01  +7.12875566e-01
    17 0  +5.68457475e-01  +7.75486262e-01
    18 0  +5.43189582e-01  +8.34770493e-01
    19 0  +5.01507918e-01  +8.83920522e-01
    20 0  +4.55646250e-01  +9.29195171e-01
    21 0  +3.99569776e-01  +9.60952303e-01
    22 0  +3.40309951e-01  +9.86277381e-01
    23 1  +2.82687367e-01  +1.00000000e+00
    24 1  +7.44266017e-01  +0.00000000e+00
    25 0  +7.97010459e-01  +3.70285061e-02
    26 0  +8.60294946e-01  +4.92006100e-02
    27 0  +9.22543325e-01  +3.25205092e-02
    28 0  +9.83021375e-01  +1.02608629e-02
    29 1  +1.00000000e+00  +3.22278636e-03
    30 1  +0.00000000e+00  +8.77501263e-01
    31 0  +4.05788485e-02  +8.27436869e-01
    32 0  +9.19245590e-02  +7.88491980e-01
    33 0  +1.46465992e-01  +7.54165335e-01
    34 0  +2.05557185e-01  +7.28449246e-01
    35 0  +2.68790297e-01  +7.16013005e-01
    36 0  +3.26615067e-01  +6.87563361e-01
    37 0  +3.88402821e-01  +6.69250526e-01
    38 0  +4.48295307e-01  +6.45460265e-01
    39 0  +5.05666772e-01  +6.16107215e-01
    40 0  +5.47131706e-01  +5.66774207e-01
    41 0  +5.85570032e-01  +5.15048184e-01
    42 0  +6.24537387e-01  +4.63719521e-01
    43 0  +6.64552086e-01  +4.13203085e-01
    44 0  +6.97103227e-01  +3.57583757e-01
    45 0  +7.49098152e-01  +3.19509958e-01
    46 0  +8.09719302e-01  +2.97643029e-01
    47 0  +8.74004108e-01  +3.02176260e-01
    48 0  +9.38129988e-01  +2.95776420e-01
    49 1  +1.00000000e+00  +2.84594577e-01
    50 1  +3.39910595e-01  +1.00000000e+00
    51 0  +3.84590765e-01  +9.53558974e-01
    52 0  +4.34133113e-01  +9.12344387e-01
    53 0  +4.89991712e-01  +8.80205574e-01
    54 0  +5.30027068e-01  +8.29705508e-01
    55 0  +5.48190743e-01  +7.67873742e-01
    56 0  +5.83217767e-01  +7.13779435e-01
    57 0  +6.01947374e-01  +6.52116737e-01
    58 0  +6.32004462e-01  +5.95110967e-01
    59 0  +6.38136018e-01  +5.30958879e-01
    60 0  +6.20708036e-01  +4.68915733e-01
    61 0  +6.19922417e-01  +4.04476078e-01
    62 0  +6.38618535e-01  +3.42803218e-01
    63 0  +6.80269946e-01  +2.93627550e-01
    64 0  +7.37910151e-01  +2.64805800e-01
    65 0  +7.94030365e-01  +2.33126029e-01
    66 0  +8.53561732e-01  +2.08446020e-01
    67 0  +9.01300898e-01  +1.65155623e-01
    68 0  +9.49240197e-01  +1.22086957e-01
    69 1  +1.00000000e+00  +9.19933443e-02
    70 1  +0.00000000e+00  +7.42445425e-01
    71 0  +5.54951515e-02  +7.09683029e-01
    72 0  +9.71671881e-02  +6.60524838e-01
    73 0  +1.45152178e-01  +6.17507083e-01
    74 0  +1.84548537e-01  +5.66506953e-01
    75 0  +1.98652624e-01  +5.03624832e-01
    76 0  +2.10263621e-01  +4.40234997e-01
    77 0  +2.25472640e-01  +3.77610943e-01
    78 0  +2.25873624e-01  +3.13167746e-01
    79 0  +2.13655845e-01  +2.49892061e-01
    80 0  +1.95573750e-01  +1.88036388e-01
    81 0  +1.84109628e-01  +1.24619826e-01
    82 0  +1.72717011e-01  +6.11903794e-02
    83 1  +1.86735509e-01  -4.85722573e-17
    84 1  +1.00000000e+00  +3.39299252e-01
    85 0  +9.93526030e-01  +2.75180813e-01
    86 1  +1.00000000e+00  +2.57123394e-01
    87 1  +0.00000000e+00  +3.56139023e-01
    88 0  +4.54478452e-02  +4.01829063e-01
    89 0  +7.34290857e-02  +4.59881941e-01
    90 0  +1.18929599e-01  +5.05519532e-01
    91 0  +1.67752982e-01  +5.47583337e-01
    92 0  +2.21510515e-01  +5.83125059e-01
    93 0  +2.61034514e-01  +6.34026335e-01
    94 0  +2.75513500e-01  +6.96823194e-01
    95 0  +2.84327906e-01  +7.60661996e-01
    96 0  +3.06857595e-01  +8.21039968e-01
    97 0  +3.47795929e-01  +8.70810836e-01
    98 0  +3.77039199e-01  +9.28238334e-01
    99 0  +4.05159032e-01  +9.86224207e-01
   100 1  +4.19423532e-01  +1.00000000e+00
   101 1  +0.00000000e+00  +6.20303059e-01
   102 0  +4.05976514e-03  +6.84619501e-01
   103 0  +1.66106155e-02  +7.47829964e-01
   104 0  +2.84626726e-02  +8.11175170e-01
   105 0  +4.46413357e-02  +8.73555754e-01
   106 0  +3.54804844e-02  +9.37345763e-01
   107 1  +3.13993876e-02  +1.00000000e+00
   108 1  +1.00000000e+00  +8.77341280e-01
   109 0  +9.37040250e-01  +8.91094691e-01
   110 0  +8.82356765e-01  +9.25194586e-01
   111 0  +8.22961075e-01  +9.50199355e-01
   112 0  +7.64667498e-01  +9.77675623e-01
   113 1  +7.37307083e-01  +1.00000000e+00
   114 1  +3.90742911e-01  +0.00000000e+00
   115 0  +3.29856046e-01  +2.11157776e-02
   116 0  +2.65833046e-01  +2.84738946e-02
   117 0  +2.08946100e-01  +5.87552716e-02
   118 0  +1.45228161e-01  +6.84046571e-02
   119 0  +8.08312453e-02  +6.59300512e-02
   120 0  +2.01585371e-02  +8.76535153e-02
   121 1  -5.58580959e-16  +9.93721882e-02
   122 1  +1.00000000e+00  +7.89431198e-02
   123 0  +9.68916127e-01  +2.24906687e-02
   124 1  +9.50451051e-01  -2.22044605e-16
   125 1  +7.15296158e-01  +1.00000000e+00
   126 0  +6.51257211e-01  +9.92781981e-01
   127 0  +5.86825249e-01  +9.94050306e-01
   128 0  +5.22583522e-01  +9.88942776e-01
   129 0  +4.58140625e-01  +9.89389406e-01
   130 0  +3.94456332e-01  +9.79520397e-01
   131 0  +3.35088885e-01  +9.54448648e-01
   132 0  +2.91081675e-01  +9.07369439e-01
   133 0  +2.35318188e-01  +8.75065879e-01
   134 0  +1.81002173e-01  +8.40383652e-01
   135 0  +1.31913003e-01  +7.98630331e-01
   136 0  +7.02429844e-02  +7.79924845e-01
   137 0  +1.52649236e-02  +7.46301947e-01
   138 1  -4.68375339e-17  +7.43732477e-01
   139 1  +0.00000000e+00  +5.16016174e-01
   140 0  +4.33171707e-02  +5.63731048e-01
   141 0  +7.13427079e-02  +6.21762554e-01
   142 0  +8.36422270e-02  +6.85022401e-01
   143 0  +1.04771071e-01  +7.45904733e-01
   144 0  +1.01816852e-01  +8.10281429e-01
   145 0  +1.13000912e-01  +8.73747981e-01
   146 0  +1.24256566e-01  +9.37201875e-01
   147 0  +1.43651897e-01  +9.98658425e-01
   148 1  +1.43709191e-01  +1.00000000e+00
   149 1  +2.26850249e-02  +1.00000000e+00
   150 1  +0.00000000e+00  +9.98773722e-01
   151 1  +1.00000000e+00  +8.19794238e-01
   152 0  +9.75920572e-01  +7.60017423e-01
   153 0  +9.31822069e-01  +7.13023716e-01
   154 0  +8.74702518e-01  +6.83183419e-01
   155 0  +8.18964673e-01  +6.50835637e-01
   156 0  +7.54956855e-01  +6.43346595e-01
   157 0  +6.91153912e-01  +6.52416921e-01
   158 0  +6.36157214e-01  +6.86009325e-01
   159 0  +5.77997933e-01  +7.13768730e-01
   160 0  +5.21367762e-01  +7.44527633e-01
   161 0  +4.83684368e-01  +7.96806196e-01
   162 0  +4.42965277e-01  +8.46756592e-01
   163 0  +4.11073463e-01  +9.02756580e-01
   164 0  +3.69665691e-01  +9.52137577e-01
   165 1  +3.27870185e-01  +1.00000000e+00
   166 1  +2.72507126e-01  +0.00000000e+00
   167 0  +3.36938194e-01  +1.31295259e-03
   168 0  +4.01233596e-01  +5.69333251e-03
   169 1  +4.34027123e-01  -8.58688121e-17
   170 1  +2.07648930e-01  +0.00000000e+00
   171 0  +1.49615827e-01  +2.80222291e-02
   172 0  +8.83877256e-02  +4.81271052e-02
   173 0  +3.84718237e-02  +8.88884737e-02
   174 1  +2.08166817e-16  +1.07965343e-01
   175 1  +2.99208595e-01  +0.00000000e+00
   176 0  +2.95508894e-01  +6.43381585e-02
   177 0  +3.06585936e-01  +1.27823476e-01
   178 0  +3.41614696e-01  +1.81916659e-01
   179 0  +3.86351263e-01  +2.28303359e-01
   180 0  +4.45168237e-01  +2.54640594e-01
   181 0  +5.00860937e-01  +2.87066041e-01
   182 0  +5.64998738e-01  +2.93345284e-01
   183 0  +6.29240757e-01  +2.88241410e-01
   184 0  +6.92053905e-01  +2.73833262e-01
   185 0  +7.48731493e-01  +2.43161817e-01
   186 0  +7.91084273e-01  +1.94588898e-01
   187 0  +8.47474184e-01  +1.63391714e-01
   188 0  +9.04903201e-01  +1.34151426e-01
   189 0  +9.61055656e-01  +1.02528835e-01
   190 1  +1.00000000e+00  +9.62714040e-02
   191 1  +1.00000000e+00  +8.26767653e-01
   192 0  +9.36382141e-01  +8.37056212e-01
   193 0  +8.74032955e-01  +8.53355456e-01
   194 0  +8.09721997e-01  +8.57501196e-01
   195 0  +7.49490583e-01  +8.80419816e-01
   196 0  +6.96612717e-01  +9.17257538e-01
   197 0  +6.45479493e-01  +9.56480998e-01
   198 1  +5.98316261e-01  +1.00000000e+00
   199 1  +9.89707566e-01  +1.00000000e+00
   200 1  +1.00000000e+00  +9.83462551e-01
   201 1  +0.00000000e+00  +8.24540596e-01
   202 0  +5.87225766e-02  +8.51087637e-01
   203 0  +1.23070119e-01  +8.54620370e-01
   204 0  +1.86206638e-01  +8.67538048e-01
   205 0  +2.50388733e-01  +8.61728993e-01
   206 0  +3.08600553e-01  +8.34079936e-01
   207 0  +3.64318015e-01  +8.01697057e-01
   208 0  +4.24813416e-01  +7.79484608e-01
   209 0  +4.86730781e-01  +7.61614905e-01
   210 0  +5.51033323e-01  +7.65889193e-01
   211 0  +6.13499236e-01  +7.50043180e-01
   212 0  +6.74570372e-01  +7.29466424e-01
   213 0  +7.27556561e-01  +6.92784684e-01
   214 0  +7.88671310e-01  +6.72337826e-01
   215 0  +8.53059456e-01  +6.75030960e-01
   216 0  +9.16503127e-01  +6.63717821e-01
   217 0  +9.78913690e-01  +6.47655194e-01
   218 1  +1.00000000e+00  +6.31538090e-01
   219 1  +9.70773921e-01  +1.00000000e+00
   220 1  +1.00000000e+00  +9.97206613e-01
   221 1  +9.92725403e-03  +0.00000000e+00
   222 0  +6.25164677e-02  +3.72486378e-02
   223 0  +1.21784798e-01  +6.25538034e-02
   224 0  +1.86215922e-01  +6.12435551e-02
   225 0  +2.45054133e-01  +3.49537988e-02
   226 1  +2.90623202e-01  -5.55111512e-17
   227 1  +4.52946821e-01  +1.00000000e+00
   228 0  +3.91401673e-01  +9.80887671e-01
   229 0  +3.27368009e-01  +9.88152404e-01
   230 1  +2.95220598e-01  +1.00000000e+00
   231 1  +2.26413475e-01  +1.00000000e+00
   232 0  +2.28986979e-01  +9.35606961e-01
   233 0  +2.53539483e-01  +8.76022894e-01
   234 0  +2.89892132e-01  +8.22810383e-01
   235 0  +3.42696737e-01  +7.85867724e-01
   236 0  +3.98136476e-01  +7.53011647e-01
   237 0  +4.41444722e-01  +7.05288673e-01
   238 0  +4.91980638e-01  +6.65298579e-01
   239 0  +5.42996925e-01  +6.25923144e-01
   240 0  +5.74009454e-01  +5.69431468e-01
   241 0  +6.23335467e-01  +5.27958213e-01
   242 0  +6.50895738e-01  +4.69704304e-01
   243 0  +6.90874700e-01  +4.19159581e-01
   244 0  +7.15265488e-01  +3.59509134e-01
   245 0  +7.27699178e-01  +2.96275521e-01
   246 0  +7.26256662e-01  +2.31847223e-01
   247 0  +7.48991993e-01  +1.71546384e-01
   248 0  +7.64002577e-01  +1.08874471e-01
   249 0  +7.79684717e-01  +4.63672158e-02
   250 1  +8.07756626e-01  -1.31838984e-16
   251 1  +1.00000000e+00  +4.01421949e-01
   252 0  +9.66500927e-01  +3.46368352e-01
   253 0  +9.21639607e-01  +3.00102291e-01
   254 0  +8.98667511e-01  +2.39891252e-01
   255 0  +8.85189728e-01  +1.76871923e-01
   256 0  +8.59919214e-01  +1.17588810e-01
   257 0  +8.38714058e-01  +5.67330150e-02
   258 1  +8.40890208e-01  -2.01227923e-16
   259 1  +7.48034504e-01  +0.00000000e+00
   260 0  +7.86502290e-01  +5.17041184e-02
   261 0  +8.31800606e-01  +9.75424107e-02
   262 0  +8.90456448e-01  +1.24236578e-01
   263 0  +9.53088149e-01  +1.39414075e-01
   264 1  +1.00000000e+00  +1.46137014e-01
   265 1  +0.00000000e+00  +7.09578097e-01
   266 0  +1.45075804e-02  +6.46787839e-01
   267 0  +4.12806608e-02  +5.88167974e-01
   268 0  +6.82031108e-02  +5.29616559e-01
   269 0  +8.32160018e-02  +4.66945198e-01
   270 0  +8.20433092e-02  +4.02511424e-01
   271 0  +6.00248019e-02  +3.41945165e-01
   272 0  +6.25544116e-02  +2.77550387e-01
   273 0  +8.96262771e-02  +2.19067906e-01
   274 0  +1.06404773e-01  +1.56845977e-01
   275 0  +1.04546178e-01  +9.24283393e-02
   276 0  +1.28428187e-01  +3.25723783e-02
   277 1  +1.46417933e-01  -3.46944695e-17
   278 1  +0.00000000e+00  +2.23037046e-01
   279 0  +7.23945058e-03  +1.59000519e-01
   280 0  +1.96300855e-02  +9.57584555e-02
   281 0  +5.82214023e-02  +4.41464736e-02
   282 0  +1.12536446e-01  +9.46272392e-03
   283 1  +1.39775360e-01  -3.29597460e-17
   284 1  +0.00000000e+00  +9.30664171e-01
   285 0  +5.21862317e-03  +8.66431372e-01
   286 0  +8.28866446e-03  +8.02060096e-01
   287 1  -4.16333634e-17  +7.65993906e-01
   288 1  +4.95562974e-01  +1.00000000e+00
   289 0  +5.52550761e-01  +9.69908828e-01
   290 0  +5.90995557e-01  +9.18187613e-01
   291 0  +6.46453037e-01  +8.85361491e-01
   292 0  +7.08243384e-01  +8.67057407e-01
   293 0  +7.55987401e-01  +8.23772360e-01
   294 0  +7.87968191e-01  +7.67823137e-01
   295 0  +8.18402614e-01  +7.11017924e-01
   296 0  +8.51020774e-01  +6.55437873e-01
   297 0  +8.95933102e-01  +6.09221326e-01
   298 0  +9.29052198e-01  +5.53938310e-01
   299 0  +9.45925085e-01  +4.91741910e-01
   300 0  +9.40035386e-01  +4.27567166e-01
   301 0  +9.20917911e-01  +3.66023615e-01
   302 0  +9.22105036e-01  +3.01590106e-01
   303 0  +9.07993240e-01  +2.38709714e-01
   304 0  +8.81432489e-01  +1.79993337e-01
   305 0  +8.44456962e-01  +1.27211741e-01
   306 0  +8.04355609e-01  +7.67640662e-02
   307 0  +7.46852686e-01  +4.76693899e-02
   308 1  +7.04680926e-01  -2.01227923e-16
   309 1  +2.47239585e-01  +0.00000000e+00
   310 0  +1.89887491e-01  +2.93908801e-02
   311 0  +1.26908326e-01  +4.30551105e-02
   312 0  +6.25019015e-02  +4.08417738e-02
   313 1  -6.10622664e-16  +5.16155619e-02
   314 1  +3.12812505e-01  +0.00000000e+00
   315 0  +3.52357920e-01  +5.08846400e-02
   316 0  +3.74641507e-01  +1.11353873e-01
   317 0  +3.94235656e-01  +1.72747324e-01
   318 0  +4.00920691e-01  +2.36844100e-01
   319 0  +3.89246522e-01  +3.00222331e-01
   320 0  +3.83299758e-01  +3.64391813e-01
   321 0  +3.60012828e-01  +4.24481790e-01
   322 0  +3.56150756e-01  +4.88810406e-01
   323 0  +3.44802943e-01  +5.52247883e-01
   324 0  +3.14967449e-01  +6.09369943e-01
   325 0  +2.66694470e-01  +6.52064274e-01
   326 0  +2.10173661e-01  +6.83023675e-01
   327 0  +1.48733183e-01  +7.02469860e-01
   328 0  +9.83667296e-02  +7.42673179e-01
   329 0  +6.38344585e-02  +7.97084654e-01
   330 0  +1.22324288e-02  +8.35689278e-01
   331 1  +5.55111512e-17  +8.45173828e-01
   332 1  +5.27010658e-01  +1.00000000e+00
   333 0  +5.77687326e-01  +9.60188422e-01
   334 0  +6.32483734e-01  +9.26270283e-01
   335 0  +6.96463683e-01  +9.18546777e-01
   336 0  +7.59910478e-01  +9.29842378e-01
   337 0  +8.22530152e-01  +9.14615335e-01
   338 0  +8.86958465e-01  +9.16057145e-01
   339 0  +9.51070098e-01  +9.09516122e-01
   340 1  +1.00000000e+00  +8.95301748e-01
   341 1  +1.00000000e+00  +6.58411006e-01
   342 0  +9.66338060e-01  +6.03456841e-01
   343 0  +9.16054164e-01  +5.63150312e-01
   344 0  +8.53907579e-01  +5.46094861e-01
   345 0  +7.95650537e-01  +5.18541215e-01
   346 0  +7.53881540e-01  +4.69465382e-01
   347 0  +7.13475776e-01  +4.19261192e-01
   348 0  +6.79996472e-01  +3.64195572e-01
   349 0  +6.30546586e-01  +3.22870092e-01
   350 0  +5.96050365e-01  +2.68435754e-01
   351 0  +5.50837126e-01  +2.22513544e-01
   352 0  +5.11136151e-01  +1.71750181e-01
   353 0  +4.60643847e-01  +1.31705036e-01
   354 0  +4.10982698e-01  +9.06336748e-02
   355 0  +3.52889534e-01  +6.27361704e-02
   356 0  +3.12097589e-01  +1.28452532e-02
   357 1  +2.85424452e-01  -4.16333634e-17
   358 1  +3.30953903e-01  +0.00000000e+00
   359 0  +2.76273136e-01  +3.41042539e-02
   360 0  +2.34344831e-01  +8.30440504e-02
   361 0  +2.15151399e-01  +1.44563954e-01
   362 0  +2.10559238e-01  +2.08844577e-01
   363 0  +2.24894697e-01  +2.71674356e-01
   364 0  +2.59694365e-01  +3.25915203e-01
   365 0  +2.94404033e-01  +3.80213687e-01
   366 0  +3.20069624e-01  +4.39326832e-01
   367 0  +3.29376079e-01  +5.03095761e-01
   368 0  +3.21047022e-01  +5.66999698e-01
   369 0  +2.86366640e-01  +6.21316892e-01
   370 0  +2.41572224e-01  +6.67647732e-01
   371 0  +2.05923246e-01  +7.21334199e-01
   372 0  +1.72165304e-01  +7.76229443e-01
   373 0  +1.54583239e-01  +8.38229100e-01
   374 0  +1.22489305e-01  +8.94113497e-01
   375 0  +9.97416550e-02  +9.54409689e-01
   376 1  +5.79661448e-02  +1.00000000e+00
   377 1  +5.63389211e-01  +1.00000000e+00
   378 0  +5.82375776e-01  +9.38415937e-01
   379 0  +5.81208784e-01  +8.73982060e-01
   380 0  +6.02623696e-01  +8.13199760e-01
   381 0  +6.07109317e-01  +7.48911615e-01
   382 0  +5.93421767e-01  +6.85937514e-01
   383 0  +5.71413685e-01  +6.25367466e-01
   384 0  +5.42796789e-01  +5.67625283e-01
   385 0  +5.09031363e-01  +5.12734642e-01
   386 0  +4.75499123e-01  +4.57701240e-01
   387 0  +4.33061007e-01  +4.09202862e-01
   388 0  +4.13915143e-01  +3.47668137e-01
   389 0  +4.18224079e-01  +2.83367908e-01
   390 0  +4.15204446e-01  +2.18994247e-01
   391 0  +4.22435663e-01  +1.54956790e-01
   392 0  +4.20418342e-01  +9.05439275e-02
   393 0  +4.19447600e-01  +2.61067947e-02
   394 1  +4.12814191e-01  -1.07552856e-16
   395 1  +0.00000000e+00  +5.44996738e-01
   396 0  +5.75484804e-02  +5.74001200e-01
   397 0  +1.12845155e-01  +6.07097486e-01
   398 0  +1.68472466e-01  +6.39634984e-01
   399 0  +2.13766904e-01  +6.85477108e-01
   400 0  +2.56498346e-01  +7.33717239e-01
   401 0  +3.13531713e-01  +7.63721930e-01
   402 0  +3.68625748e-01  +7.97154455e-01
   403 0  +4.13389577e-01  +8.43514848e-01
   404 0  +4.35752930e-01  +9.03954627e-01
   405 0  +4.51348171e-01  +9.66483619e-01
   406 1  +4.56886187e-01  +1.00000000e+00
   407 1  +1.00000000e+00  +1.99668840e-01
   408 0  +9.64555861e-01  +2.53490763e-01
   409 0  +9.45921300e-01  +3.15182250e-01
   410 0  +9.15597792e-01  +3.72046749e-01
   411 0  +8.75118719e-01  +4.22191849e-01
   412 0  +8.28309422e-01  +4.66486049e-01
   413 0  +7.76625550e-01  +5.04981032e-01
   414 0  +7.44333610e-01  +5.60751249e-01
   415 0  +7.25874535e-01  +6.22495471e-01
   416 0  +6.98839800e-01  +6.80995125e-01
   417 0  +6.66434295e-01  +7.36699431e-01
   418 0  +6.46798615e-01  +7.98079611e-01
   419 0  +6.42551514e-01  +8.62383954e-01
   420 0  +6.25773720e-01  +9.24606073e-01
   421 0  +6.33450681e-01  +9.88591623e-01
   422 1  +6.31886925e-01  +1.00000000e+00
   423 1  +7.52824141e-01  +0.00000000e+00
   424 0  +7.48052529e-01  +6.42675512e-02
   425 0  +7.16939898e-01  +1.20704158e-01
   426 0  +7.01050030e-01  +1.83158930e-01
   427 0  +6.87834217e-01  +2.46233717e-01
   428 0  +6.48893188e-01  +2.97582355e-01
   429 0  +6.27292902e-01  +3.58299026e-01
   430 0  +6.12627325e-01  +4.21052570e-01
   431 0  +5.72367065e-01  +4.71373518e-01
   432 0  +5.16011233e-01  +5.02632222e-01
   433 0  +4.52015841e-01  +5.10226707e-01
   434 0  +3.87611422e-01  +5.12497667e-01
   435 0  +3.23339320e-01  +5.17207582e-01
   436 0  +2.59831715e-01  +5.06259038e-01
   437 0  +1.95945220e-01  +4.97797236e-01
   438 0  +1.31874303e-01  +4.90868737e-01
   439 0  +6.97935180e-02  +4.73575312e-01
   440 0  +2.14769592e-02  +4.30930306e-01
   441 1  -1.14491749e-16  +4.15208628e-01
   442 1  +6.46564252e-01  +0.00000000e+00
   443 0  +6.64337232e-01  +6.19451984e-02
   444 0  +6.96729972e-01  +1.17656928e-01
   445 0  +7.18766864e-01  +1.78216500e-01
   446 0  +7.58828849e-01  +2.28695444e-01
   447 0  +8.11354792e-01  +2.66033250e-01
   448 0  +8.66651743e-01  +2.99129074e-01
   449 0  +9.23931647e-01  +3.28660398e-01
   450 0  +9.64122306e-01  +3.79036953e-01
   451 0  +9.80413621e-01  +4.41388212e-01
   452 1  +1.00000000e+00  +4.64888112e-01
   453 1  +1.00000000e+00  +2.65461312e-01
   454 0  +9.58049785e-01  +2.16540295e-01
   455 0  +9.00204585e-01  +1.88132212e-01
   456 0  +8.37570391e-01  +1.72965003e-01
   457 0  +7.73715771e-01  +1.81664078e-01
   458 0  +7.09651534e-01  +1.74674090e-01
   459 0  +6.48302862e-01  +1.54940189e-01
   460 0  +5.84295785e-01  +1.47444822e-01
   461 0  +5.20449762e-01  +1.56206771e-01
   462 0  +4.56096601e-01  +1.59635641e-01
   463 0  +3.95703023e-01  +1.37147819e-01
   464 0  +3.33054791e-01  +1.22038700e-01
   465 0  +2.68991707e-01  +1.29039244e-01
   466 0  +2.06197124e-01  +1.14550392e-01
   467 0  +1.41754293e-01  +1.14094459e-01
   468 0  +7.79527979e-02  +1.23174971e-01
   469 0  +1.35131522e-02  +1.23961405e-01
   470 1  +2.01227923e-16  +1.22240153e-01
   471 1  +0.00000000e+00  +6.02698014e-01
   472 0  +6.43823000e-02  +5.99868549e-01
   473 0  +1.24856604e-01  +5.77598727e-01
   474 0  +1.73383131e-01  +5.35192800e-01
   475 0  +2.22035075e-01  +4.92930823e-01
   476 0  +2.80467459e-01  +4.65750997e-01
   477 0  +3.44906813e-01  +4.66560929e-01
   478 0  +4.07466256e-01  +4.82033567e-01
   479 0  +4.71904380e-01  +4.82936121e-01
   480 0  +5.36117043e-01  +4.88396923e-01
   481 0  +5.95812919e-01  +5.12676313e-01
   482 0  +6.53355196e-01  +5.41693081e-01
   483 0  +7.03572870e-01  +5.82082084e-01
   484 0  +7.66325406e-01  +5.96751974e-01
   485 0  +8.30453104e-01  +5.90370386e-01
   486 0  +8.94602953e-01  +5.84215438e-01
   487 0  +9.57196767e-01  +5.99548437e-01
   488 1  +1.00000000e+00  +6.00852369e-01
   489 1  +5.82201735e-01  +1.00000000e+00
   490 0  +5.91077750e-01  +9.36169735e-01
   491 0  +6.07205363e-01  +8.73775933e-01
   492 0  +6.15722861e-01  +8.09896839e-01
   493 0  +6.47050024e-01  +7.53579033e-01
   494 0  +6.80882651e-01  +6.98729787e-01
   495 0  +7.32779925e-01  +6.60522990e-01
   496 0  +7.63426328e-01  +6.03831858e-01
   497 0  +7.89498074e-01  +5.44896720e-01
   498 0  +8.26203097e-01  +4.91926656e-01
   499 0  +8.45847873e-01  +4.30549387e-01
   500 0  +8.71978732e-01  +3.71640435e-01
   501 0  +9.03648507e-01  +3.15514578e-01
   502 0  +9.15578667e-01  +2.52184035e-01
   503 0  +9.42800799e-01  +1.93771348e-01
   504 0  +9.52061091e-01  +1.29995699e-01
   505 0  +9.35655179e-01  +6.76744951e-02
   506 0  +9.31823814e-01  +3.34404300e-03
   507 1  +9.32178367e-01  -2.00794242e-16
   508 1  +1.66118519e-02  +1.00000000e+00
   509 0  +3.31494205e-02  +9.37713603e-01
   510 0  +6.52595769e-02  +8.81838526e-01
   511 0  +1.00801934e-01  +8.28081412e-01
   512 0  +1.17913818e-01  +7.65950342e-01
   513 0  +1.16765196e-01  +7.01516135e-01
   514 0  +8.74939641e-02  +6.44102884e-01
   515 0  +7.51242694e-02  +5.80856721e-01
   516 0  +4.09901451e-02  +5.26194596e-01
   517 0  +2.57202298e-02  +4.63585362e-01
   518 0  +5.81274225e-03  +4.02292799e-01
   519 0  +2.64415450e-03  +3.37926297e-01
   520 0  +4.79748202e-03  +2.73517838e-01
   521 1  -1.40512602e-16  +2.35491387e-01
   522 1  +6.23837885e-01  +0.00000000e+00
   523 0  +6.59817123e-01  +5.34656977e-02
   524 0  +6.69863824e-01  +1.17122199e-01
   525 0  +6.86862793e-01  +1.79284258e-01
   526 0  +6.77798313e-01  +2.43088032e-01
   527 0  +6.89843183e-01  +3.06396858e-01
   528 0  +6.87013993e-01  +3.70779171e-01
   529 0  +7.09662917e-01  +4.31112517e-01
   530 0  +7.43490927e-01  +4.85964610e-01
   531 0  +7.89070423e-01  +5.31523320e-01
   532 0  +8.43113274e-01  +5.66629682e-01
   533 0  +8.83589697e-01  +6.16776921e-01
   534 0  +9.34811917e-01  +6.55884090e-01
   535 0  +9.96722166e-01  +6.73778430e-01
   536 1  +1.00000000e+00  +6.74799389e-01
   537 1  +1.00000000e+00  +3.47533751e-02
   538 1  +9.84932124e-01  -2.01227923e-16
   539 1  +0.00000000e+00  +8.00020820e-01
   540 0  +5.90928542e-02  +8.25733094e-01
   541 0  +1.21108042e-01  +8.43260299e-01
   542 0  +1.84904529e-01  +8.52375923e-01
   543 0  +2.45661689e-01  +8.73862057e-01
   544 0  +2.91872094e-01  +9.18780705e-01
   545 0  +3.19886717e-01  +9.76817480e-01
   546 1  +3.36401691e-01  +1.00000000e+00
   547 1  +1.00000000e+00  +8.43047240e-01
   548 0  +9.41532609e-01  +8.70151679e-01
   549 0  +8.83758263e-01  +8.98703586e-01
   550 0  +8.28831945e-01  +9.32410944e-01
   551 0  +7.74419724e-01  +9.66942041e-01
   552 0  +7.15035762e-01  +9.91974649e-01
   553 1  +6.89030732e-01  +1.00000000e+00
   554 1  +3.23494404e-01  +0.00000000e+00
   555 0  +3.87050807e-01  +1.06616136e-02
   556 0  +4.51432979e-01  +7.82923208e-03
   557 1  +4.72961636e-01  -9.02056208e-17
   558 1  +1.29105607e-01  +1.00000000e+00
   559 0  +1.07049645e-01  +9.39447370e-01
   560 0  +1.12531261e-01  +8.75236481e-01
   561 0  +9.78822596e-02  +8.12479065e-01
   562 0  +8.97689104e-02  +7.48547383e-01
   563 0  +9.55792846e-02  +6.84365408e-01
   564 0  +1.22760999e-01  +6.25933902e-01
   565 0  +1.60984217e-01  +5.74048721e-01
   566 0  +2.14869018e-01  +5.38700247e-01
   567 0  +2.71967129e-01  +5.08818945e-01
   568 0  +3.31948445e-01  +4.85253543e-01
   569 0  +3.95530268e-01  +4.74744586e-01
   570 0  +4.58302722e-01  +4.60160165e-01
   571 0  +5.22653028e-01  +4.56678128e-01
   572 0  +5.87094421e-01  +4.57305245e-01
   573 0  +6.49942232e-01  +4.71561441e-01
   574 0  +7.14351590e-01  +4.69435175e-01
   575 0  +7.78676915e-01  +4.65518671e-01
   576 0  +8.43120998e-01  +4.65734367e-01
   577 0  +9.07565258e-01  +4.65580211e-01
   578 0  +9.71411499e-01  +4.74340578e-01
   579 1  +1.00000000e+00  +4.80757013e-01
   580 1  +3.42303422e-01  +1.00000000e+00
   581 0  +2.82050565e-01  +9.77137812e-01
   582 0  +2.17650428e-01  +9.79527122e-01
   583 0  +1.55967804e-01  +9.98190999e-01
   584 1  +1.48876109e-01  +1.00000000e+00
   585 1  +7.62710163e-01  +1.00000000e+00
   586 0  +7.58556118e-01  +9.35689578e-01
   587 0  +7.30088882e-01  +8.77873466e-01
   588 0  +6.97039195e-01  +8.22548927e-01
   589 0  +6.55675058e-01  +7.73131373e-01
   590 0  +6.34552642e-01  +7.12246811e-01
   591 0  +5.97046481e-01  +6.59840949e-01
   592 0  +5.76244400e-01  +5.98846197e-01
   593 0  +5.32518696e-01  +5.51505419e-01
   594 0  +4.94765882e-01  +4.99276965e-01
   595 0  +4.72380273e-01  +4.38845426e-01
   596 0  +4.40909971e-01  +3.82607480e-01
   597 0  +4.11024131e-01  +3.25511745e-01
   598 0  +4.02828332e-01  +2.61590580e-01
   599 0  +3.74680976e-01  +2.03618062e-01
   600 0  +3.40196009e-01  +1.49176594e-01
   601 0  +3.26703474e-01  +8.61604226e-02
   602 0  +3.41470014e-01  +2.34305596e-02
   603 1  +3.48498246e-01  -8.32667268e-17
   604 1  +0.00000000e+00  +1.82395062e-01
   605 0  +4.31030880e-02  +1.34486710e-01
   606 0  +6.49725162e-02  +7.38664611e-02
   607 0  +8.02517016e-02  +1.12594893e-02
   608 1  +8.76971729e-02  -2.25514052e-17
   609 1  +6.74881472e-01  +0.00000000e+00
   610 0  +7.20536834e-01  +4.54826826e-02
   611 0  +7.67423173e-01  +8.96953231e-02
   612 0  +7.99828498e-01  +1.45399733e-01
   613 0  +8.06980091e-01  +2.09446132e-01
   614 0  +8.06018336e-01  +2.73883399e-01
   615 0  +8.33291815e-01  +3.32272129e-01
   616 0  +8.37134732e-01  +3.96601892e-01
   617 0  +8.24205080e-01  +4.59735959e-01
   618 0  +7.85695246e-01  +5.11408768e-01
   619 0  +7.30969832e-01  +5.45441333e-01
   620 0  +6.68906933e-01  +5.62798839e-01
   621 0  +6.04540263e-01  +5.65964001e-01
   622 0  +5.40927032e-01  +5.55646873e-01
   623 0  +4.78680730e-01  +5.38959023e-01
   624 0  +4.14319142e-01  +5.42225903e-01
   625 0  +3.52065196e-01  +5.58885214e-01
   626 0  +2.88960092e-01  +5.71955492e-01
   627 0  +2.31036894e-01  +6.00204201e-01
   628 0  +1.82747928e-01  +6.42880450e-01
   629 0  +1.46583180e-01  +6.96220842e-01
   630 0  +9.96655764e-02  +7.40400305e-01
   631 0  +6.58178020e-02  +7.95240204e-01
   632 0  +3.88854792e-02  +8.53787078e-01
   633 0  +3.57753018e-02  +9.18156428e-01
   634 0  +3.61397088e-02  +9.82599842e-01
   635 1  +3.61033029e-02  +1.00000000e+00
   636 1  +0.00000000e+00  +8.83835325e-01
   637 0  +5.19861163e-02  +9.21921151e-01
   638 0  +8.69327012e-02  +9.76067458e-01
   639 1  +9.01565356e-02  +1.00000000e+00
   640 1  +0.00000000e+00  +3.28298619e-01
   641 0  +6.40668996e-02  +3.35264163e-01
   642 0  +1.28433836e-01  +3.38423898e-01
   643 0  +1.89755880e-01  +3.18607407e-01
   644 0  +2.52121011e-01  +3.02369278e-01
   645 0  +3.15614658e-01  +3.13398479e-01
   646 0  +3.77688582e-01  +2.96080444e-01
   647 0  +4.30550733e-01  +2.59220175e-01
   648 0  +4.85195112e-01  +2.25057648e-01
   649 0  +5.49130690e-01  +2.16975053e-01
   650 0  +6.10771786e-01  +2.35775628e-01
   651 0  +6.75206712e-01  +2.34668015e-01
   652 0  +7.38995755e-01  +2.25500443e-01
   653 0  +8.02411091e-01  +2.36971348e-01
   654 0  +8.65701346e-01  +2.24829274e-01
   655 0  +9.26835450e-01  +2.04440362e-01
   656 0  +9.88590113e-01  +1.86016245e-01
   657 1  +1.00000000e+00  +1.75774229e-01
   658 1  +7.76413432e-01  +1.00000000e+00
   659 0  +7.60092437e-01  +9.37656504e-01
   660 0  +7.40462364e-01  +8.76274530e-01
   661 0  +7.21645341e-01  +8.14638452e-01
   662 0  +6.93913175e-01  +7.56466179e-01
   663 0  +6.51163377e-01  +7.08242314e-01
   664 0  +5.99009900e-01  +6.70385989e-01
   665 0  +5.49017849e-01  +6.29718051e-01
   666 0  +5.10155723e-01  +5.78309671e-01
   667 0  +4.78356008e-01  +5.22257333e-01
   668 0  +4.49525136e-01  +4.64621691e-01
   669 0  +4.27641962e-01  +4.04006403e-01
   670 0  +4.28064790e-01  +3.39563346e-01
   671 0  +4.01474216e-01  +2.80860469e-01
   672 0  +3.98937929e-01  +2.16465953e-01
   673 0  +4.00271693e-01  +1.52035312e-01
   674 0  +3.88539032e-01  +8.86678829e-02
   675 0  +3.67775481e-01  +2.76600033e-02
   676 1  +3.46284808e-01  -5.89805982e-17
   677 1  +0.00000000e+00  +9.05821593e-01
   678 0  +2.94292683e-02  +8.48489189e-01
   679 0  +5.85959116e-02  +7.91022735e-01
   680 0  +7.20747560e-02  +7.28003633e-01
   681 0  +9.63516711e-02  +6.68306751e-01
   682 0  +9.65271463e-02  +6.03862545e-01
   683 0  +1.08446457e-01  +5.40529959e-01
   684 0  +1.12234856e-01  +4.76196962e-01
   685 0  +1.27421464e-01  +4.13567470e-01
   686 0  +1.35466095e-01  +3.49627104e-01
   687 0  +1.54449206e-01  +2.88041977e-01
   688 0  +1.86559131e-01  +2.32166767e-01
   689 0  +2.16997072e-01  +1.75363437e-01
   690 0  +2.62149722e-01  +1.29381652e-01
   691 0  +3.03099931e-01  +7.96205547e-02
   692 0  +3.44408243e-01  +3.01563277e-02
   693 1  +3.61644062e-01  -9.71445147e-17
   694 1  +7.96293159e-01  +0.00000000e+00
   695 0  +7.90992929e-01  +6.42261160e-02
   696 0  +7.88597161e-01  +1.28626013e-01
   697 0  +8.05345268e-01  +1.90856129e-01
   698 0  +8.32148686e-01  +2.49462129e-01
   699 0  +8.30751624e-01  +3.13891428e-01
   700 0  +8.30723459e-01  +3.78335866e-01
   701 0  +8.17160516e-01  +4.41336922e-01
   702 0  +8.27195077e-01  +5.04995338e-01
   703 0  +8.39244332e-01  +5.68303331e-01
   704 0  +8.66102572e-01  +6.26884227e-01
   705 0  +9.15282556e-01  +6.68530542e-01
   706 0  +9.73311681e-01  +6.96561009e-01
   707 1  +1.00000000e+00  +7.05345721e-01
   708 1  +3.04841916e-01  +0.00000000e+00
   709 0  +2.93381510e-01  +6.34172334e-02
   710 0  +3.09410352e-01  +1.25836482e-01
   711 0  +3.29889279e-01  +1.86940492e-01
   712 0  +3.56654489e-01  +2.45563951e-01
   713 0  +3.84219830e-01  +3.03815461e-01
   714 0  +3.96516820e-01  +3.67075799e-01
   715 0  +4.14329480e-01  +4.29009599e-01
   716 0  +4.47337647e-01  +4.84358920e-01
   717 0  +4.77125264e-01  +5.41505961e-01
   718 0  +5.28931576e-01  +5.79836008e-01
   719 0  +5.82490479e-01  +6.15676353e-01
   720 0  +6.46093824e-01  +6.26054256e-01
   721 0  +7.05149109e-01  +6.51852700e-01
   722 0  +7.69572936e-01  +6.50222694e-01
   723 0  +8.32968706e-01  +6.38644145e-01
   724 0  +8.97197939e-01  +6.43906474e-01
   725 0  +9.53365439e-01  +6.75502332e-01
   726 0  +9.95024888e-01  +7.24671192e-01
   727 1  +1.00000000e+00  +7.26949318e-01
   728 1  +2.52929212e-01  +1.00000000e+00
   729 0  +3.12688011e-01  +9.75875897e-01
   730 0  +3.73481986e-01  +9.54494152e-01
   731 0  +4.36737711e-01  +9.42173450e-01
   732 0  +4.91176172e-01  +9.07683736e-01
   733 0  +5.45103390e-01  +8.72400007e-01
   734 0  +6.08307940e-01  +8.59819411e-01
   735 0  +6.68462784e-01  +8.36700563e-01
   736 0  +7.17769199e-01  +7.95204011e-01
   737 0  +7.69476724e-01  +7.56740804e-01
   738 0  +8.31984889e-01  +7.41062292e-01
   739 0  +8.95811900e-01  +7.32162911e-01
   740 0  +9.59450879e-01  +7.22005804e-01
   741 1  +1.00000000e+00  +7.22747818e-01
   742 1  +3.67174301e-01  +0.00000000e+00
   743 0  +4.12431952e-01  +4.58784415e-02
   744 0  +4.35487893e-01  +1.06057425e-01
   745 0  +4.54934253e-01  +1.67497847e-01
   746 0  +4.85564241e-01  +2.24197849e-01
   747 0  +4.95595752e-01  +2.87856747e-01
   748 0  +4.96977836e-01  +3.52286369e-01
   749 0  +5.16206929e-01  +4.13795136e-01
   750 0  +5.26797424e-01  +4.77363429e-01
   751 0  +5.42482189e-01  +5.39870025e-01
   752 0  +5.83898338e-01  +5.89243996e-01
   753 0  +6.29796961e-01  +6.34481179e-01
   754 0  +6.73654987e-01  +6.81699396e-01
   755 0  +6.95813160e-01  +7.42214698e-01
   756 0  +7.37061132e-01  +7.91729254e-01
   757 0  +7.61893199e-01  +8.51197353e-01
   758 0  +7.65884350e-01  +9.15518090e-01
   759 0  +7.81157812e-01  +9.78126458e-01
   760 1  +7.76593894e-01  +1.00000000e+00
   761 1  +0.00000000e+00  +1.38252581e-01
   762 0  +4.22658177e-02  +1.86901189e-01
   763 0  +6.83082558e-02  +2.45849283e-01
   764 0  +1.15707456e-01  +2.89511649e-01
   765 0  +1.52125022e-01  +3.42679754e-01
   766 0  +1.78746188e-01  +4.01368764e-01
   767 0  +2.15300418e-01  +4.54443002e-01
   768 0  +2.35296344e-01  +5.15706771e-01
   769 0  +2.78712348e-01  +5.63331733e-01
   770 0  +3.08835471e-01  +6.20302637e-01
   771 0  +3.34499432e-01  +6.79416489e-01
   772 0  +3.46143050e-01  +7.42800340e-01
   773 0  +3.59188075e-01  +8.05910670e-01
   774 0  +3.96108658e-01  +8.58730714e-01
   775 0  +4.20882662e-01  +9.18223025e-01
   776 0  +4.57922551e-01  +9.70959474e-01
   777 1  +4.82036774e-01  +1.00000000e+00
   778 1  +1.00000000e+00  +6.96952828e-02
   779 0  +9.84913556e-01  +7.04158677e-03
   780 1  +9.86122726e-01  -2.65412692e-16
   781 1  +6.70221592e-02  +1.00000000e+00
   782 0  +7.42974104e-02  +9.35967531e-01
   783 0  +9.97764455e-02  +8.76773737e-01
   784 0  +1.41992599e-01  +8.28082025e-01
   785 0  +2.00992871e-01  +8.02158015e-01
   786 0  +2.59228279e-01  +7.74558673e-01
   787 0  +3.06376727e-01  +7.30625653e-01
   788 0  +3.64157760e-01  +7.02087280e-01
   789 0  +4.28193532e-01  +6.94841163e-01
   790 0  +4.88418454e-01  +6.71905488e-01
   791 0  +5.35975217e-01  +6.28414790e-01
   792 0  +5.78579847e-01  +5.80062625e-01
   793 0  +5.97580089e-01  +5.18482781e-01
   794 0  +6.39477870e-01  +4.69516850e-01
   795 0  +6.85970285e-01  +4.24890156e-01
   796 0  +7.34609460e-01  +3.82613484e-01
   797 0  +7.66836527e-01  +3.26805755e-01
   798 0  +7.90329376e-01  +2.66795985e-01
   799 0  +7.99219345e-01  +2.02967662e-01
   800 0  +8.32609899e-01  +1.47848180e-01
   801 0  +8.40117680e-01  +8.38425576e-02
   802 0  +8.72573784e-01  +2.81677181e-02
   803 1  +8.84735055e-01  -2.94902991e-16
   804 1  +0.00000000e+00  +1.51863596e-01
   805 0  +3.78172477e-02  +9.96817778e-02
   806 0  +7.06798468e-02  +4.42459050e-02
   807 0  +1.17631534e-01  +1.02666349e-04
   808 1  +1.17678047e-01  -2.61699299e-17
   809 1  +7.74609861e-01  +0.00000000e+00
   810 0  +8.32814910e-01  +2.76633085e-02
   811 0  +8.96087701e-01  +3.98960665e-02
   812 0  +9.60236193e-01  +4.60651324e-02
   813 1  +1.00000000e+00  +6.32604429e-02
   814 1  +1.00000000e+00  +4.69920622e-02
   815 0  +9.35656485e-01  +5.05974013e-02
   816 0  +8.76102294e-01  +2.59725202e-02
   817 1  +8.31225998e-01  -2.22044605e-16
   818 1  +2.60594966e-01  +0.00000000e+00
   819 0  +2.58091133e-01  +6.43957859e-02
   820 0  +2.45097977e-01  +1.27516815e-01
   821 0  +2.39528183e-01  +1.91720116e-01
   822 0  +2.52668405e-01  +2.54810693e-01
   823 0  +2.74625672e-01  +3.15399181e-01
   824 0  +3.00981418e-01  +3.74207863e-01
   825 0  +3.46566869e-01  +4.19760614e-01
   826 0  +3.85021552e-01  +4.71474478e-01
   827 0  +4.30473070e-01  +5.17160865e-01
   828 0  +4.62777680e-01  +5.72923743e-01
   829 0  +4.88088085e-01  +6.32189836e-01
   830 0  +5.06229563e-01  +6.94028119e-01
   831 0  +5.21413346e-01  +7.56658296e-01
   832 0  +5.47366508e-01  +8.15645751e-01
   833 0  +5.65872585e-01  +8.77375902e-01
   834 0  +5.79142766e-01  +9.40439273e-01
   835 0  +6.06111909e-01  +9.98969194e-01
   836 1  +6.06777645e-01  +1.00000000e+00
   837 1  +1.00000000e+00  +4.11584843e-01
   838 0  +9.40208534e-01  +3.87541820e-01
   839 0  +8.93005082e-01  +3.43667903e-01
   840 0  +8.68508580e-01  +2.84060791e-01
   841 0  +8.59515969e-01  +2.20246847e-01
   842 0  +8.66238057e-01  +1.56153946e-01
   843 0  +8.68568629e-01  +9.17516573e-02
   844 0  +8.95187707e-01  +3.30616995e-02
   845 1  +9.03481544e-01  -2.22044605e-16
   846 1  +5.89296905e-01  +1.00000000e+00
   847 0  +6.21192267e-01  +9.44002033e-01
   848 0  +6.44523199e-01  +8.83929127e-01
   849 0  +6.54815884e-01  +8.20311935e-01
   850 0  +6.67720016e-01  +7.57172647e-01
   851 0  +6.92366709e-01  +6.97627479e-01
   852 0  +7.19899204e-01  +6.39360438e-01
   853 0  +7.27155934e-01  +5.75325867e-01
   854 0  +7.35575075e-01  +5.11433735e-01
   855 0  +7.46171623e-01  +4.47866451e-01
   856 0  +7.59318196e-01  +3.84777197e-01
   857 0  +7.67584575e-01  +3.20865121e-01
   858 0  +7.99220297e-01  +2.64720063e-01
   859 0  +8.06914053e-01  +2.00736530e-01
   860 0  +7.87567092e-01  +1.39264736e-01
   861 0  +7.78314288e-01  +7.54879998e-02
   862 0  +7.42919495e-01  +2.16336121e-02
   863 1  +7.29264141e-01  -1.76941795e-16
   864 1  +1.00000000e+00  +9.64627423e-01
   865 0  +9.83873702e-01  +9.02233281e-01
   866 0  +9.50750625e-01  +8.46952649e-01
   867 0  +9.00667971e-01  +8.06396341e-01
   868 0  +8.57822275e-01  +7.58257658e-01
   869 0  +8.09443616e-01  +7.15683115e-01
   870 0  +7.66577975e-01  +6.67562191e-01
   871 0  +7.17933854e-01  +6.25291210e-01
   872 0  +6.88268488e-01  +5.68080612e-01
   873 0  +6.54477210e-01  +5.13205882e-01
   874 0  +6.33197512e-01  +4.52376112e-01
   875 0  +6.38014428e-01  +3.88111941e-01
   876 0  +6.45285218e-01  +3.24078965e-01
   877 0  +6.59734979e-01  +2.61275375e-01
   878 0  +6.66828102e-01  +1.97222475e-01
   879 0  +6.89392486e-01  +1.36857461e-01
   880 0  +7.25867998e-01  +8.37290931e-02
   881 0  +7.65733187e-01  +3.30945872e-02
   882 1  +7.73635974e-01  -2.15105711e-16
   883 1  +0.00000000e+00  +6.15933780e-01
   884 0  +4.92613264e-02  +5.74383712e-01
   885 0  +1.09518810e-01  +5.51533721e-01
   886 0  +1.73885208e-01  +5.48363024e-01
   887 0  +2.37824192e-01  +5.40307425e-01
   888 0  +2.99571115e-01  +5.58757464e-01
   889 0  +3.62600171e-01  +5.72189681e-01
   890 0  +4.26737432e-01  +5.78474446e-01
   891 0  +4.87873709e-01  +5.58092051e-01
   892 0  +5.43451503e-01  +5.25470046e-01
   893 0  +5.88753238e-01  +4.79635133e-01
   894 0  +6.12212387e-01  +4.19612182e-01
   895 0  +6.37777492e-01  +3.60455510e-01
   896 0  +6.50032883e-01  +2.97187099e-01
   897 0  +6.73418787e-01  +2.37135571e-01
   898 0  +7.16650526e-01  +1.89343280e-01
   899 0  +7.68615975e-01  +1.51229259e-01
   900 0  +8.14918377e-01  +1.06405449e-01
   901 0  +8.69169138e-01  +7.16212380e-02
   902 0  +9.20636737e-01  +3.28375731e-02
   903 1  +9.60586915e-01  -2.77555756e-16
   904 1  +0.00000000e+00  +2.04970470e-01
   905 0  +2.26541508e-02  +1.44639087e-01
   906 0  +1.75182657e-02  +8.03996198e-02
   907 0  +1.42828409e-02  +1.60364436e-02
   908 1  +7.10050313e-03  -3.46944695e-18
   909 1  +8.88163852e-01  +1.00000000e+00
   910 0  +8.57025060e-01  +9.43577823e-01
   911 0  +8.40069573e-01  +8.81403891e-01
   912 0  +8.20040931e-01  +8.20150810e-01
   913 0  +7.84225709e-01  +7.66575103e-01
   914 0  +7.31064386e-01  +7.30147640e-01
   915 0  +6.76543422e-01  +6.95788493e-01
   916 0  +6.13241419e-01  +6.83707814e-01
   917 0  +5.48899923e-01  +6.87349013e-01
   918 0  +4.84466474e-01  +6.88539417e-01
   919 0  +4.21201935e-01  +6.76264056e-01
   920 0  +3.60653711e-01  +6.54196003e-01
   921 0  +3.03110351e-01  +6.25181383e-01
   922 0  +2.39859946e-01  +6.12833398e-01
   923 0  +1.75443694e-01  +6.10927393e-01
   924 0  +1.14868700e-01  +5.88932927e-01
   925 0  +6.26993648e-02  +5.51098460e-01
   926 0  +1.50585868e-03  +5.30888531e-01
   927 1  -6.93889390e-17  +5.30387025e-01
   928 1  +1.00000000e+00  +4.63163950e-01
   929 0  +9.35902024e-01  +4.56490427e-01
   930 0  +8.72734587e-01  +4.43724795e-01
   931 0  +8.09404961e-01  +4.55659822e-01
   932 0  +7.47066558e-01  +4.72000260e-01
   933 0  +6.93001535e-01  +5.07072467e-01
   934 0  +6.36112711e-01  +5.37350316e-01
   935 0  +5.73435681e-01  +5.52339522e-01
   936 0  +5.10176418e-01  +5.64642045e-01
   937 0  +4.49833306e-01  +5.87264938e-01
   938 0  +3.88138518e-01  +6.05888568e-01
   939 0  +3.29849363e-01  +6.33374215e-01
   940 0  +2.65525074e-01  +6.37307701e-01
   941 0  +2.04011478e-01  +6.18094062e-01
   942 0  +1.40463172e-01  +6.07384290e-01
   943 0  +8.48772882e-02  +5.74776072e-01
   944 0  +2.12092238e-02  +5.64802908e-01
   945 1  -7.97972799e-17  +5.55029627e-01
   946 1  +0.00000000e+00  +1.89500813e-01
   947 0  +4.69354535e-02  +1.45340315e-01
   948 0  +9.16494365e-02  +9.89318440e-02
   949 0  +1.49476805e-01  +7.04874800e-02
   950 0  +2.08433679e-01  +4.44649236e-02
   951 0  +2.72647007e-01  +3.90119477e-02
   952 0  +3.35597237e-01  +5.28088679e-02
   953 0  +3.99699399e-01  +4.61756813e-02
   954 0  +4.59859005e-01  +2.30692260e-02
   955 1  +4.83721924e-01  -8.67361738e-17
   956 1  +6.30285587e-02  +1.00000000e+00
   957 0  +5.49174171e-02  +9.36068038e-01
   958 0  +7.45948047e-02  +8.74701216e-01
   959 0  +8.18212620e-02  +8.10663221e-01
   960 0  +6.34687042e-02  +7.48887255e-01
   961 0  +6.80577681e-02  +6.84606411e-01
   962 0  +7.88951275e-02  +6.21079739e-01
   963 0  +1.03286054e-01  +5.61429348e-01
   964 0  +1.45748091e-01  +5.12951911e-01
   965 0  +1.95784697e-01  +4.72338804e-01
   966 0  +2.27652784e-01  +4.16325311e-01
   967 0  +2.69956379e-01  +3.67709549e-01
   968 0  +3.06824707e-01  +3.14853019e-01
   969 0  +3.32456120e-01  +2.55725046e-01
   970 0  +3.80459715e-01  +2.12728055e-01
   971 0  +4.16891496e-01  +1.59569690e-01
   972 0  +4.53108203e-01  +1.06264563e-01
   973 0  +4.96111459e-01  +5.82665801e-02
   974 0  +5.27353784e-01  +1.90166605e-03
   975 1  +5.28546041e-01  -1.22948526e-16
   976 1  +1.00000000e+00  +1.13112754e-01
   977 0  +9.74712084e-01  +5.38370619e-02
   978 1  +9.74597406e-01  -2.42861287e-16
   979 1  +7.55598365e-01  +1.00000000e+00
   980 0  +6.91483174e-01  +9.93493945e-01
   981 0  +6.27822393e-01  +9.83474399e-01
   982 0  +5.63604460e-01  +9.78075927e-01
   983 0  +4.99266173e-01  +9.81773395e-01
   984 0  +4.39361408e-01  +9.58014068e-01
   985 0  +3.77597337e-01  +9.39621519e-01
   986 0  +3.19438747e-01  +9.11860667e-01
   987 0  +2.56043856e-01  +9.00277309e-01
   988 0  +1.93996090e-01  +8.82865784e-01
   989 0  +1.41206839e-01  +8.45901189e-01
   990 0  +8.26546624e-02  +8.18980396e-01
   991 0  +2.25335711e-02  +7.95773914e-01
   992 1  -3.46944695e-17  +7.96755621e-01
   993 1  +0.00000000e+00  +1.37993097e-01
   994 0  +5.15842508e-02  +9.93647201e-02
   995 0  +1.06874068e-01  +6.62569794e-02
   996 0  +1.69717223e-01  +5.19802722e-02
   997 0  +2.33848038e-01  +5.83304630e-02
   998 0  +2.96847638e-01  +4.47607598e-02
   999 0  +3.61285464e-01  +4.38371865e-02
  1000 0  +4.19293512e-01  +1.57631264e-02
  1001 1  +4.44454546e-01  -1.04083409e-16
  1002 1  +1.02926464e-01  +1.00000000e+00
  1003 0  +1.27842466e-01  +9.40567019e-01
  1004 0  +1.61540159e-01  +8.85634771e-01
  1005 0  +2.14399551e-01  +8.48770545e-01
  1006 0  +2.72440724e-01  +8.20765034e-01
  1007 0  +3.36248013e-01  +8.11725329e-01
  1008 0  +4.00314369e-01  +8.04754792e-01
  1009 0  +4.64065410e-01  +8.14183007e-01
  1010 0  +5.28135236e-01  +8.07244435e-01
  1011 0  +5.92245438e-01  +8.13799466e-01
  1012 0  +6.54532027e-01  +8.30336312e-01
  1013 0  +7.18147746e-01  +8.40638095e-01
  1014 0  +7.81889716e-01  +8.31148752e-01
  1015 0  +8.38369967e-01  +8.00115420e-01
  1016 0  +8.79234869e-01  +7.50284243e-01
  1017 0  +9.34685710e-01  +7.17446907e-01
  1018 0  +9.97465835e-01  +7.02895541e-01
  1019 1  +1.00000000e+00  +7.03270034e-01
  1020 1  +6.24482022e-01  +1.00000000e+00
  1021 0  +5.63154786e-01  +9.80199582e-01
  1022 0  +4.98710566e-01  +9.80369529e-01
  1023 0  +4.37197355e-01  +9.99584401e-01
  1024 1  +4.35290929e-01  +1.00000000e+00
  1025 1  +0.00000000e+00  +3.55957315e-01
  1026 0  +3.49269438e-02  +4.10116294e-01
  1027 0  +4.39130095e-02  +4.73931160e-01
  1028 0  +7.87855980e-02  +5.28125154e-01
  1029 0  +1.29078732e-01  +5.68420154e-01
  1030 0  +1.75645298e-01  +6.12969468e-01
  1031 0  +2.18994782e-01  +6.60654986e-01
  1032 0  +2.38319202e-01  +7.22133871e-01
  1033 0  +2.46337005e-01  +7.86077606e-01
  1034 0  +2.43235410e-01  +8.50447370e-01
  1035 0  +2.22700649e-01  +9.11532638e-01
  1036 0  +2.26224825e-01  +9.75880650e-01
  1037 1  +2.22241816e-01  +1.00000000e+00
  1038 1  +9.66705723e-01  +1.00000000e+00
  1039 0  +9.10053343e-01  +9.69282020e-01
  1040 0  +8.55050604e-01  +9.35699509e-01
  1041 0  +7.95917523e-01  +9.10079883e-01
  1042 0  +7.46348686e-01  +8.68897159e-01
  1043 0  +7.06552411e-01  +8.18208473e-01
  1044 0  +6.82344305e-01  +7.58483653e-01
  1045 0  +6.79979848e-01  +6.94082599e-01
  1046 0  +6.54576587e-01  +6.34856248e-01
  1047 0  +6.20355963e-01  +5.80248233e-01
  1048 0  +5.82596325e-01  +5.28024711e-01
  1049 0  +5.54791722e-01  +4.69887026e-01
  1050 0  +5.25033195e-01  +4.12724831e-01
  1051 0  +5.17162729e-01  +3.48762794e-01
  1052 0  +4.86538248e-01  +2.92059818e-01
  1053 0  +4.70007168e-01  +2.29771698e-01
  1054 0  +4.34556106e-01  +1.75954335e-01
  1055 0  +4.09884995e-01  +1.16419280e-01
  1056 0  +3.96090540e-01  +5.34685104e-02
  1057 1  +3.73093970e-01  -1.11022302e-16
  1058 1  +0.00000000e+00  +1.36626868e-01
  1059 0  +1.60437232e-02  +1.99042294e-01
  1060 0  +4.10777455e-02  +2.58425660e-01
  1061 0  +7.40299432e-02  +3.13808321e-01
  1062 0  +1.14582905e-01  +3.63893684e-01
  1063 0  +1.36091611e-01  +4.24642857e-01
  1064 0  +1.29460612e-01  +4.88745246e-01
  1065 0  +1.40681211e-01  +5.52205349e-01
  1066 0  +1.77752020e-01  +6.04920067e-01
  1067 0  +2.05335819e-01  +6.63162839e-01
  1068 0  +2.10355569e-01  +7.27411485e-01
  1069 0  +1.99729704e-01  +7.90973875e-01
  1070 0  +1.82239966e-01  +8.52999639e-01
  1071 0  +1.77004050e-01  +9.17231030e-01
  1072 0  +1.97118355e-01  +9.78456035e-01
  1073 1  +2.07475992e-01  +1.00000000e+00
  1074 1  +6.29781155e-01  +0.00000000e+00
  1075 0  +6.61008391e-01  +5.63732749e-02
  1076 0  +6.73427494e-01  +1.19609754e-01
  1077 0  +7.03701704e-01  +1.76500515e-01
  1078 0  +7.47778810e-01  +2.23514290e-01
  1079 0  +8.05925461e-01  +2.51300140e-01
  1080 0  +8.62832672e-01  +2.81543416e-01
  1081 0  +9.25156715e-01  +2.97938540e-01
  1082 0  +9.89553814e-01  +3.00408366e-01
  1083 1  +1.00000000e+00  +3.01484108e-01
  1084 1  +5.53302558e-01  +1.00000000e+00
  1085 0  +5.53973529e-01  +9.35559049e-01
  1086 0  +5.44177335e-01  +8.71863515e-01
  1087 0  +5.50515814e-01  +8.07731541e-01
  1088 0  +5.67749777e-01  +7.45634222e-01
  1089 0  +5.62753655e-01  +6.81383734e-01
  1090 0  +5.64549490e-01  +6.16964317e-01
  1091 0  +5.53199102e-01  +5.53527300e-01
  1092 0  +5.17931606e-01  +4.99589464e-01
  1093 0  +4.67763327e-01  +4.59139122e-01
  1094 0  +4.30439206e-01  +4.06603454e-01
  1095 0  +4.16313138e-01  +3.43726267e-01
  1096 0  +3.96742791e-01  +2.82325225e-01
  1097 0  +3.53802745e-01  +2.34270685e-01
  1098 0  +3.33772611e-01  +1.73018092e-01
  1099 0  +3.15644030e-01  +1.11176027e-01
  1100 0  +2.79125862e-01  +5.80769698e-02
  1101 1  +2.51299260e-01  -8.32667268e-17
  1102 1  +6.30388857e-01  +1.00000000e+00
  1103 0  +6.85270390e-01  +9.66219773e-01
  1104 0  +7.43685137e-01  +9.39002063e-01
  1105 0  +8.06509996e-01  +9.24645059e-01
  1106 0  +8.67982061e-01  +9.05298958e-01
  1107 0  +9.24907511e-01  +8.75090025e-01
  1108 0  +9.69336855e-01  +8.28408983e-01
  1109 1  +1.00000000e+00  +8.11991756e-01
  1110 1  +7.33577113e-01  +1.00000000e+00
  1111 0  +7.08578195e-01  +9.40601848e-01
  1112 0  +6.66734126e-01  +8.91590009e-01
  1113 0  +6.45652976e-01  +8.30691146e-01
  1114 0  +6.16532343e-01  +7.73201363e-01
  1115 0  +5.93711439e-01  +7.12932857e-01
  1116 0  +5.53595372e-01  +6.62496882e-01
  1117 0  +5.22414692e-01  +6.06097843e-01
  1118 0  +4.77243899e-01  +5.60133881e-01
  1119 0  +4.49960029e-01  +5.01750006e-01
  1120 0  +4.23785429e-01  +4.42860476e-01
  1121 0  +4.15695541e-01  +3.78925821e-01
  1122 0  +4.07442378e-01  +3.15012037e-01
  1123 0  +3.78555914e-01  +2.57404237e-01
  1124 0  +3.34940010e-01  +2.09962280e-01
  1125 0  +3.12321700e-01  +1.49617450e-01
  1126 0  +2.96301981e-01  +8.71958593e-02
  1127 0  +3.02226828e-01  +2.30243499e-02
  1128 1  +3.14789389e-01  -5.55111512e-17
  1129 1  +0.00000000e+00  +5.34934222e-02
  1130 0  +6.29839702e-02  +3.98513580e-02
  1131 0  +1.26645715e-01  +2.98379352e-02
  1132 0  +1.89813178e-01  +4.26034407e-02
  1133 0  +2.54047796e-01  +4.77996193e-02
  1134 0  +3.10636421e-01  +7.86348890e-02
  1135 0  +3.74909170e-01  +8.33359740e-02
  1136 0  +4.38487313e-01  +9.38671720e-02
  1137 0  +5.01195573e-01  +7.90091586e-02
  1138 0  +5.61142551e-01  +5.53565421e-02
  1139 0  +6.12496124e-01  +1.64220206e-02
  1140 1  +6.37056457e-01  -1.35308431e-16
  1141 1  +1.00000000e+00  +2.94116971e-01
  1142 0  +9.80142858e-01  +3.55425864e-01
  1143 0  +9.87524403e-01  +4.19446167e-01
  1144 1  +1.00000000e+00  +4.44887964e-01
  1145 1  +3.60824692e-01  +1.00000000e+00
  1146 0  +2.98631397e-01  +9.83115673e-01
  1147 0  +2.40269277e-01  +9.55785299e-01
  1148 0  +1.78614087e-01  +9.37030992e-01
  1149 0  +1.27466005e-01  +8.97826910e-01
  1150 0  +8.97004517e-02  +8.45607666e-01
  1151 0  +7.24361453e-02  +7.83518777e-01
  1152 0  +4.97641239e-02  +7.23194107e-01
  1153 0  +5.27375514e-02  +6.58818295e-01
  1154 0  +4.87746788e-02  +5.94495810e-01
  1155 0  +2.18885618e-02  +5.35927703e-01
  1156 1  -8.32667268e-17  +5.14769192e-01
  1157 1  +4.35171989e-01  +0.00000000e+00
  1158 0  +4.95120692e-01  +2.36482438e-02
  1159 0  +5.59348699e-01  +2.89255107e-02
  1160 0  +6.23766288e-01  +2.70652274e-02
  1161 0  +6.85999685e-01  +1.03293154e-02
  1162 0  +7.50066964e-01  +1.72913622e-02
  1163 0  +8.14430929e-01  +2.05110532e-02
  1164 0  +8.77622587e-01  +3.31562406e-02
  1165 0  +9.41291815e-01  +2.31905067e-02
  1166 1  +1.00000000e+00  +1.23762972e-02
  1167 1  +8.28245025e-01  +1.00000000e+00
  1168 0  +8.78105100e-01  +9.59170362e-01
  1169 0  +9.40241223e-01  +9.42076833e-01
  1170 0  +9.91575500e-01  +9.03116874e-01
  1171 1  +1.00000000e+00  +8.92635112e-01
  1172 1  +0.00000000e+00  +2.80286133e-01
  1173 0  +6.15015843e-02  +2.61034080e-01
  1174 0  +1.20732444e-01  +2.35641332e-01
  1175 0  +1.84611730e-01  +2.27125277e-01
  1176 0  +2.44991384e-01  +2.04600095e-01
  1177 0  +3.07261723e-01  +1.88002162e-01
  1178 0  +3.69802522e-01  +1.72454339e-01
  1179 0  +4.32130293e-01  +1.56073393e-01
  1180 0  +4.93987693e-01  +1.37997208e-01
  1181 0  +5.58361021e-01  +1.34970476e-01
  1182 0  +6.20116445e-01  +1.53392040e-01
  1183 0  +6.83598758e-01  +1.64486286e-01
  1184 0  +7.46046176e-01  +1.48567540e-01
  1185 0  +8.08827158e-01  +1.34019872e-01
  1186 0  +8.71818382e-01  +1.20411342e-01
  1187 0  +9.32966618e-01  +1.00064851e-01
  1188 0  +9.91104238e-01  +7.22601099e-02
  1189 1  +1.00000000e+00  +6.40136168e-02
  1190 1  +4.72690776e-01  +1.00000000e+00
  1191 0  +4.55853778e-01  +9.37793876e-01
  1192 0  +4.43613763e-01  +8.74522488e-01
  1193 0  +4.42751524e-01  +8.10083812e-01
  1194 0  +4.49947894e-01  +7.46042430e-01
  1195 0  +4.67078248e-01  +6.83916450e-01
  1196 0  +5.08479861e-01  +6.34530289e-01
  1197 0  +5.66591149e-01  +6.06670559e-01
  1198 0  +6.20223533e-01  +5.70940266e-01
  1199 0  +6.74085350e-01  +5.35556779e-01
  1200 0  +7.35870967e-01  +5.17236739e-01
  1201 0  +7.85229957e-01  +4.75802737e-01
  1202 0  +8.37379247e-01  +4.37940644e-01
  1203 0  +8.95631341e-01  +4.10376538e-01
  1204 0  +9.59836699e-01  +4.04830516e-01
  1205 1  +1.00000000e+00  +4.14149641e-01
  1206 1  +0.00000000e+00  +3.41182428e-01
  1207 0  +5.54554602e-02  +3.74011963e-01
  1208 0  +1.06519344e-01  +4.13325652e-01
  1209 0  +1.65217739e-01  +4.39926119e-01
  1210 0  +2.29661968e-01  +4.40092977e-01
  1211 0  +2.89542105e-01  +4.63914302e-01
  1212 0  +3.53945643e-01  +4.66210111e-01
  1213 0  +4.17903670e-01  +4.58307123e-01
  1214 0  +4.81528582e-01  +4.68551975e-01
  1215 0  +5.38983468e-01  +4.97741399e-01
  1216 0  +6.02117134e-01  +5.10673012e-01
  1217 0  +6.62264830e-01  +5.33810452e-01
  1218 0  +7.07465008e-01  +5.79745518e-01
  1219 0  +7.47585432e-01  +6.30178028e-01
  1220 0  +7.70452203e-01  +6.90429146e-01
  1221 0  +7.81289722e-01  +7.53955790e-01
  1222 0  +7.68281567e-01  +8.17073730e-01
  1223 0  +7.62218783e-01  +8.81232354e-01
  1224 0  +7.44535601e-01  +9.43203247e-01
  1225 0  +7.11473807e-01  +9.98520551e-01
  1226 1  +7.10486750e-01  +1.00000000e+00
*Segmentos 
1127
     0     0     1
     1     1     2
     2     2     3
     3     4     5
     4     5     6
     5     6     7
     6     7     8
     7     8     9
     8     9    10
     9    10    11
    10    11    12
    11    12    13
    12    13    14
    13    14    15
    14    15    16
    15    16    17
    16    17    18
    17    18    19
    18    19    20
    19    20    21
    20    21    22
    21    22    23
    22    24    25
    23    25    26
    24    26    27
    25    27    28
    26    28    29
    27    30    31
    28    31    32
    29    32    33
    30    33    34
    31    34    35
    32    35    36
    33    36    37
    34    37    38
    35    38    39
    36    39    40
    37    40    41
    38    41    42
    39    42    43
    40    43    44
    41    44    45
    42    45    46
    43    46    47
    44    47    48
    45    48    49
    46    50    51
    47    51    52
    48    52    53
    49    53    54
    50    54    55
    51    55    56
    52    56    57
    53    57    58
    54    58    59
    55    59    60
    56    60    61
    57    61    62
    58    62    63
    59    63    64
    60    64    65
    61    65    66
    62    66    67
    63    67    68
    64    68    69
    65    70    71
    66    71    72
    67    72    73
    68    73    74
    69    74    75
    70    75    76
    71    76    77
    72    77    78
    73    78    79
    74    79    80
    75    80    81
    76    81    82
    77    82    83
    78    84    85
    79    85    86
    80    87    88
    81    88    89
    82    89    90
    83    90    91
    84    91    92
    85    92    93
    86    93    94
    87    94    95
    88    95    96
    89    96    97
    90    97    98
    91    98    99
    92    99   100
    93   101   102
    94   102   103
    95   103   104
    96   104   105
    97   105   106
    98   106   107
    99   108   109
   100   109   110
   101   110   111
   102   111   112
   103   112   113
   104   114   115
   105   115   116
   106   116   117
   107   117   118
   108   118   119
   109   119   120
   110   120   121
   111   122   123
   112   123   124
   113   125   126
   114   126   127
   115   127   128
   116   128   129
   117   129   130
   118   130   131
   119   131   132
   120   132   133
   121   133   134
   122   134   135
   123   135   136
   124   136   137
   125   137   138
   126   139   140
   127   140   141
   128   141   142
   129   142   143
   130   143   144
   131   144   145
   132   145   146
   133   146   147
   134   147   148
   135   149   150
   136   151   152
   137   152   153
   138   153   154
   139   154   155
   140   155   156
   141   156   157
   142   157   158
   143   158   159
   144   159   160
   145   160   161
   146   161   162
   147   162   163
   148   163   164
   149   164   165
   150   166   167
   151   167   168
   152   168   169
   153   170   171
   154   171   172
   155   172   173
   156   173   174
   157   175   176
   158   176   177
   159   177   178
   160   178   179
   161   179   180
   162   180   181
   163   181   182
   164   182   183
   165   183   184
   166   184   185
   167   185   186
   168   186   187
   169   187   188
   170   188   189
   171   189   190
   172   191   192
   173   192   193
   174   193   194
   175   194   195
   176   195   196
   177   196   197
   178   197   198
   179   199   200
   180   201   202
   181   202   203
   182   203   204
   183   204   205
   184   205   206
   185   206   207
   186   207   208
   187   208   209
   188   209   210
   189   210   211
   190   211   212
   191   212   213
   192   213   214
   193   214   215
   194   215   216
   195   216   217
   196   217   218
   197   219   220
   198   221   222
   199   222   223
   200   223   224
   201   224   225
   202   225   226
   203   227   228
   204   228   229
   205   229   230
   206   231   232
   207   232   233
   208   233   234
   209   234   235
   210   235   236
   211   236   237
   212   237   238
   213   238   239
   214   239   240
   215   240   241
   216   241   242
   217   242   243
   218   243   244
   219   244   245
   220   245   246
   221   246   247
   222   247   248
   223   248   249
   224   249   250
   225   251   252
   226   252   253
   227   253   254
   228   254   255
   229   255   256
   230   256   257
   231   257   258
   232   259   260
   233   260   261
   234   261   262
   235   262   263
   236   263   264
   237   265   266
   238   266   267
   239   267   268
   240   268   269
   241   269   270
   242   270   271
   243   271   272
   244   272   273
   245   273   274
   246   274   275
   247   275   276
   248   276   277
   249   278   279
   250   279   280
   251   280   281
   252   281   282
   253   282   283
   254   284   285
   255   285   286
   256   286   287
   257   288   289
   258   289   290
   259   290   291
   260   291   292
   261   292   293
   262   293   294
   263   294   295
   264   295   296
   265   296   297
   266   297   298
   267   298   299
   268   299   300
   269   300   301
   270   301   302
   271   302   303
   272   303   304
   273   304   305
   274   305   306
   275   306   307
   276   307   308
   277   309   310
   278   310   311
   279   311   312
   280   312   313
   281   314   315
   282   315   316
   283   316   317
   284   317   318
   285   318   319
   286   319   320
   287   320   321
   288   321   322
   289   322   323
   290   323   324
   291   324   325
   292   325   326
   293   326   327
   294   327   328
   295   328   329
   296   329   330
   297   330   331
   298   332   333
   299   333   334
   300   334   335
   301   335   336
   302   336   337
   303   337   338
   304   338   339
   305   339   340
   306   341   342
   307   342   343
   308   343   344
   309   344   345
   310   345   346
   311   346   347
   312   347   348
   313   348   349
   314   349   350
   315   350   351
   316   351   352
   317   352   353
   318   353   354
   319   354   355
   320   355   356
   321   356   357
   322   358   359
   323   359   360
   324   360   361
   325   361   362
   326   362   363
   327   363   364
   328   364   365
   329   365   366
   330   366   367
   331   367   368
   332   368   369
   333   369   370
   334   370   371
   335   371   372
   336   372   373
   337   373   374
   338   374   375
   339   375   376
   340   377   378
   341   378   379
   342   379   380
   343   380   381
   344   381   382
   345   382   383
   346   383   384
   347   384   385
   348   385   386
   349   386   387
   350   387   388
   351   388   389
   352   389   390
   353   390   391
   354   391   392
   355   392   393
   356   393   394
   357   395   396
   358   396   397
   359   397   398
   360   398   399
   361   399   400
   362   400   401
   363   401   402
   364   402   403
   365   403   404
   366   404   405
   367   405   406
   368   407   408
   369   408   409
   370   409   410
   371   410   411
   372   411   412
   373   412   413
   374   413   414
   375   414   415
   376   415   416
   377   416   417
   378   417   418
   379   418   419
   380   419   420
   381   420   421
   382   421   422
   383   423   424
   384   424   425
   385   425   426
   386   426   427
   387   427   428
   388   428   429
   389   429   430
   390   430   431
   391   431   432
   392   432   433
   393   433   434
   394   434   435
   395   435   436
   396   436   437
   397   437   438
   398   438   439
   399   439   440
   400   440   441
   401   442   443
   402   443   444
   403   444   445
   404   445   446
   405   446   447
   406   447   448
   407   448   449
   408   449   450
   409   450   451
   410   451   452
   411   453   454
   412   454   455
   413   455   456
   414   456   457
   415   457   458
   416   458   459
   417   459   460
   418   460   461
   419   461   462
   420   462   463
   421   463   464
   422   464   465
   423   465   466
   424   466   467
   425   467   468
   426   468   469
   427   469   470
   428   471   472
   429   472   473
   430   473   474
   431   474   475
   432   475   476
   433   476   477
   434   477   478
   435   478   479
   436   479   480
   437   480   481
   438   481   482
   439   482   483
   440   483   484
   441   484   485
   442   485   486
   443   486   487
   444   487   488
   445   489   490
   446   490   491
   447   491   492
   448   492   493
   449   493   494
   450   494   495
   451   495   496
   452   496   497
   453   497   498
   454   498   499
   455   499   500
   456   500   501
   457   501   502
   458   502   503
   459   503   504
   460   504   505
   461   505   506
   462   506   507
   463   508   509
   464   509   510
   465   510   511
   466   511   512
   467   512   513
   468   513   514
   469   514   515
   470   515   516
   471   516   517
   472   517   518
   473   518   519
   474   519   520
   475   520   521
   476   522   523
   477   523   524
   478   524   525
   479   525   526
   480   526   527
   481   527   528
   482   528   529
   483   529   530
   484   530   531
   485   531   532
   486   532   533
   487   533   534
   488   534   535
   489   535   536
   490   537   538
   491   539   540
   492   540   541
   493   541   542
   494   542   543
   495   543   544
   496   544   545
   497   545   546
   498   547   548
   499   548   549
   500   549   550
   501   550   551
   502   551   552
   503   552   553
   504   554   555
   505   555   556
   506   556   557
   507   558   559
   508   559   560
   509   560   561
   510   561   562
   511   562   563
   512   563   564
   513   564   565
   514   565   566
   515   566   567
   516   567   568
   517   568   569
   518   569   570
   519   570   571
   520   571   572
   521   572   573
   522   573   574
   523   574   575
   524   575   576
   525   576   577
   526   577   578
   527   578   579
   528   580   581
   529   581   582
   530   582   583
   531   583   584
   532   585   586
   533   586   587
   534   587   588
   535   588   589
   536   589   590
   537   590   591
   538   591   592
   539   592   593
   540   593   594
   541   594   595
   542   595   596
   543   596   597
   544   597   598
   545   598   599
   546   599   600
   547   600   601
   548   601   602
   549   602   603
   550   604   605
   551   605   606
   552   606   607
   553   607   608
   554   609   610
   555   610   611
   556   611   612
   557   612   613
   558   613   614
   559   614   615
   560   615   616
   561   616   617
   562   617   618
   563   618   619
   564   619   620
   565   620   621
   566   621   622
   567   622   623
   568   623   624
   569   624   625
   570   625   626
   571   626   627
   572   627   628
   573   628   629
   574   629   630
   575   630   631
   576   631   632
   577   632   633
   578   633   634
   579   634   635
   580   636   637
   581   637   638
   582   638   639
   583   640   641
   584   641   642
   585   642   643
   586   643   644
   587   644   645
   588   645   646
   589   646   647
   590   647   648
   591   648   649
   592   649   650
   593   650   651
   594   651   652
   595   652   653
   596   653   654
   597   654   655
   598   655   656
   599   656   657
   600   658   659
   601   659   660
   602   660   661
   603   661   662
   604   662   663
   605   663   664
   606   664   665
   607   665   666
   608   666   667
   609   667   668
   610   668   669
   611   669   670
   612   670   671
   613   671   672
   614   672   673
   615   673   674
   616   674   675
   617   675   676
   618   677   678
   619   678   679
   620   679   680
   621   680   681
   622   681   682
   623   682   683
   624   683   684
   625   684   685
   626   685   686
   627   686   687
   628   687   688
   629   688   689
   630   689   690
   631   690   691
   632   691   692
   633   692   693
   634   694   695
   635   695   696
   636   696   697
   637   697   698
   638   698   699
   639   699   700
   640   700   701
   641   701   702
   642   702   703
   643   703   704
   644   704   705
   645   705   706
   646   706   707
   647   708   709
   648   709   710
   649   710   711
   650   711   712
   651   712   713
   652   713   714
   653   714   715
   654   715   716
   655   716   717
   656   717   718
   657   718   719
   658   719   720
   659   720   721
   660   721   722
   661   722   723
   662   723   724
   663   724   725
   664   725   726
   665   726   727
   666   728   729
   667   729   730
   668   730   731
   669   731   732
   670   732   733
   671   733   734
   672   734   735
   673   735   736
   674   736   737
   675   737   738
   676   738   739
   677   739   740
   678   740   741
   679   742   743
   680   743   744
   681   744   745
   682   745   746
   683   746   747
   684   747   748
   685   748   749
   686   749   750
   687   750   751
   688   751   752
   689   752   753
   690   753   754
   691   754   755
   692   755   756
   693   756   757
   694   757   758
   695   758   759
   696   759   760
   697   761   762
   698   762   763
   699   763   764
   700   764   765
   701   765   766
   702   766   767
   703   767   768
   704   768   769
   705   769   770
   706   770   771
   707   771   772
   708   772   773
   709   773   774
   710   774   775
   711   775   776
   712   776   777
   713   778   779
   714   779   780
   715   781   782
   716   782   783
   717   783   784
   718   784   785
   719   785   786
   720   786   787
   721   787   788
   722   788   789
   723   789   790
   724   790   791
   725   791   792
   726   792   793
   727   793   794
   728   794   795
   729   795   796
   730   796   797
   731   797   798
   732   798   799
   733   799   800
   734   800   801
   735   801   802
   736   802   803
   737   804   805
   738   805   806
   739   806   807
   740   807   808
   741   809   810
   742   810   811
   743   811   812
   744   812   813
   745   814   815
   746   815   816
   747   816   817
   748   818   819
   749   819   820
   750   820   821
   751   821   822
   752   822   823
   753   823   824
   754   824   825
   755   825   826
   756   826   827
   757   827   828
   758   828   829
   759   829   830
   760   830   831
   761   831   832
   762   832   833
   763   833   834
   764   834   835
   765   835   836
   766   837   838
   767   838   839
   768   839   840
   769   840   841
   770   841   842
   771   842   843
   772   843   844
   773   844   845
   774   846   847
   775   847   848
   776   848   849
   777   849   850
   778   850   851
   779   851   852
   780   852   853
   781   853   854
   782   854   855
   783   855   856
   784   856   857
   785   857   858
   786   858   859
   787   859   860
   788   860   861
   789   861   862
   790   862   863
   791   864   865
   792   865   866
   793   866   867
   794   867   868
   795   868   869
   796   869   870
   797   870   871
   798   871   872
   799   872   873
   800   873   874
   801   874   875
   802   875   876
   803   876   877
   804   877   878
   805   878   879
   806   879   880
   807   880   881
   808   881   882
   809   883   884
   810   884   885
   811   885   886
   812   886   887
   813   887   888
   814   888   889
   815   889   890
   816   890   891
   817   891   892
   818   892   893
   819   893   894
   820   894   895
   821   895   896
   822   896   897
   823   897   898
   824   898   899
   825   899   900
   826   900   901
   827   901   902
   828   902   903
   829   904   905
   830   905   906
   831   906   907
   832   907   908
   833   909   910
   834   910   911
   835   911   912
   836   912   913
   837   913   914
   838   914   915
   839   915   916
   840   916   917
   841   917   918
   842   918   919
   843   919   920
   844   920   921
   845   921   922
   846   922   923
   847   923   924
   848   924   925
   849   925   926
   850   926   927
   851   928   929
   852   929   930
   853   930   931
   854   931   932
   855   932   933
   856   933   934
   857   934   935
   858   935   936
   859   936   937
   860   937   938
   861   938   939
   862   939   940
   863   940   941
   864   941   942
   865   942   943
   866   943   944
   867   944   945
   868   946   947
   869   947   948
   870   948   949
   871   949   950
   872   950   951
   873   951   952
   874   952   953
   875   953   954
   876   954   955
   877   956   957
   878   957   958
   879   958   959
   880   959   960
   881   960   961
   882   961   962
   883   962   963
   884   963   964
   885   964   965
   886   965   966
   887   966   967
   888   967   968
   889   968   969
   890   969   970
   891   970   971
   892   971   972
   893   972   973
   894   973   974
   895   974   975
   896   976   977
   897   977   978
   898   979   980
   899   980   981
   900   981   982
   901   982   983
   902   983   984
   903   984   985
   904   985   986
   905   986   987
   906   987   988
   907   988   989
   908   989   990
   909   990   991
   910   991   992
   911   993   994
   912   994   995
   913   995   996
   914   996   997
   915   997   998
   916   998   999
   917   999  1000
   918  1000  1001
   919  1002  1003
   920  1003  1004
   921  1004  1005
   922  1005  1006
   923  1006  1007
   924  1007  1008
   925  1008  1009
   926  1009  1010
   927  1010  1011
   928  1011  1012
   929  1012  1013
   930  1013  1014
   931  1014  1015
   932  1015  1016
   933  1016  1017
   934  1017  1018
   935  1018  1019
   936  1020  1021
   937  1021  1022
   938  1022  1023
   939  1023  1024
   940  1025  1026
   941  1026  1027
   942  1027  1028
   943  1028  1029
   944  1029  1030
   945  1030  1031
   946  1031  1032
   947  1032  1033
   948  1033  1034
   949  1034  1035
   950  1035  1036
   951  1036  1037
   952  1038  1039
   953  1039  1040
   954  1040  1041
   955  1041  1042
   956  1042  1043
   957  1043  1044
   958  1044  1045
   959  1045  1046
   960  1046  1047
   961  1047  1048
   962  1048  1049
   963  1049  1050
   964  1050  1051
   965  1051  1052
   966  1052  1053
   967  1053  1054
   968  1054  1055
   969  1055  1056
   970  1056  1057
   971  1058  1059
   972  1059  1060
   973  1060  1061
   974  1061  1062
   975  1062  1063
   976  1063  1064
   977  1064  1065
   978  1065  1066
   979  1066  1067
   980  1067  1068
   981  1068  1069
   982  1069  1070
   983  1070  1071
   984  1071  1072
   985  1072  1073
   986  1074  1075
   987  1075  1076
   988  1076  1077
   989  1077  1078
   990  1078  1079
   991  1079  1080
   992  1080  1081
   993  1081  1082
   994  1082  1083
   995  1084  1085
   996  1085  1086
   997  1086  1087
   998  1087  1088
   999  1088  1089
  1000  1089  1090
  1001  1090  1091
  1002  1091  1092
  1003  1092  1093
  1004  1093  1094
  1005  1094  1095
  1006  1095  1096
  1007  1096  1097
  1008  1097  1098
  1009  1098  1099
  1010  1099  1100
  1011  1100  1101
  1012  1102  1103
  1013  1103  1104
  1014  1104  1105
  1015  1105  1106
  1016  1106  1107
  1017  1107  1108
  1018  1108  1109
  1019  1110  1111
  1020  1111  1112
  1021  1112  1113
  1022  1113  1114
  1023  1114  1115
  1024  1115  1116
  1025  1116  1117
  1026  1117  1118
  1027  1118  1119
  1028  1119  1120
  1029  1120  1121
  1030  1121  1122
  1031  1122  1123
  1032  1123  1124
  1033  1124  1125
  1034  1125  1126
  1035  1126  1127
  1036  1127  1128
  1037  1129  1130
  1038  1130  1131
  1039  1131  1132
  1040  1132  1133
  1041  1133  1134
  1042  1134  1135
  1043  1135  1136
  1044  1136  1137
  1045  1137  1138
  1046  1138  1139
  1047  1139  1140
  1048  1141  1142
  1049  1142  1143
  1050  1143  1144
  1051  1145  1146
  1052  1146  1147
  1053  1147  1148
  1054  1148  1149
  1055  1149  1150
  1056  1150  1151
  1057  1151  1152
  1058  1152  1153
  1059  1153  1154
  1060  1154  1155
  1061  1155  1156
  1062  1157  1158
  1063  1158  1159
  1064  1159  1160
  1065  1160  1161
  1066  1161  1162
  1067  1162  1163
  1068  1163  1164
  1069  1164  1165
  1070  1165  1166
  1071  1167  1168
  1072  1168  1169
  1073  1169  1170
  1074  1170  1171
  1075  1172  1173
  1076  1173  1174
  1077  1174  1175
  1078  1175  1176
  1079  1176  1177
  1080  1177  1178
  1081  1178  1179
  1082  1179  1180
  1083  1180  1181
  1084  1181  1182
  1085  1182  1183
  1086  1183  1184
  1087  1184  1185
  1088  1185  1186
  1089  1186  1187
  1090  1187  1188
  1091  1188  1189
  1092  1190  1191
  1093  1191  1192
  1094  1192  1193
  1095  1193  1194
  1096  1194  1195
  1097  1195  1196
  1098  1196  1197
  1099  1197  1198
  1100  1198  1199
  1101  1199  1200
  1102  1200  1201
  1103  1201  1202
  1104  1202  1203
  1105  1203  1204
  1106  1204  1205
  1107  1206  1207
  1108  1207  1208
  1109  1208  1209
  1110  1209  1210
  1111  1210  1211
  1112  1211  1212
  1113  1212  1213
  1114  1213  1214
  1115  1214  1215
  1116  1215  1216
  1117  1216  1217
  1118  1217  1218
  1119  1218  1219
  1120  1219  1220
  1121  1220  1221
  1122  1221  1222
  1123  1222  1223
  1124  1223  1224
  1125  1224  1225
  1126  1225  1226
*Fibras 
100
     0     0     1     2
     1     3     4     5     6     7     8     9    10    11    12    13    14    15    16    17    18    19    20    21
     2    22    23    24    25    26
     3    27    28    29    30    31    32    33    34    35    36    37    38    39    40    41    42    43    44    45
     4    46    47    48    49    50    51    52    53    54    55    56    57    58    59    60    61    62    63    64
     5    65    66    67    68    69    70    71    72    73    74    75    76    77
     6    78    79
     7    80    81    82    83    84    85    86    87    88    89    90    91    92
     8    93    94    95    96    97    98
     9    99   100   101   102   103
    10   104   105   106   107   108   109   110
    11   111   112
    12   113   114   115   116   117   118   119   120   121   122   123   124   125
    13   126   127   128   129   130   131   132   133   134
    14   135
    15   136   137   138   139   140   141   142   143   144   145   146   147   148   149
    16   150   151   152
    17   153   154   155   156
    18   157   158   159   160   161   162   163   164   165   166   167   168   169   170   171
    19   172   173   174   175   176   177   178
    20   179
    21   180   181   182   183   184   185   186   187   188   189   190   191   192   193   194   195   196
    22   197
    23   198   199   200   201   202
    24   203   204   205
    25   206   207   208   209   210   211   212   213   214   215   216   217   218   219   220   221   222   223   224
    26   225   226   227   228   229   230   231
    27   232   233   234   235   236
    28   237   238   239   240   241   242   243   244   245   246   247   248
    29   249   250   251   252   253
    30   254   255   256
    31   257   258   259   260   261   262   263   264   265   266   267   268   269   270   271   272   273   274   275   276
    32   277   278   279   280
    33   281   282   283   284   285   286   287   288   289   290   291   292   293   294   295   296   297
    34   298   299   300   301   302   303   304   305
    35   306   307   308   309   310   311   312   313   314   315   316   317   318   319   320   321
    36   322   323   324   325   326   327   328   329   330   331   332   333   334   335   336   337   338   339
    37   340   341   342   343   344   345   346   347   348   349   350   351   352   353   354   355   356
    38   357   358   359   360   361   362   363   364   365   366   367
    39   368   369   370   371   372   373   374   375   376   377   378   379   380   381   382
    40   383   384   385   386   387   388   389   390   391   392   393   394   395   396   397   398   399   400
    41   401   402   403   404   405   406   407   408   409   410
    42   411   412   413   414   415   416   417   418   419   420   421   422   423   424   425   426   427
    43   428   429   430   431   432   433   434   435   436   437   438   439   440   441   442   443   444
    44   445   446   447   448   449   450   451   452   453   454   455   456   457   458   459   460   461   462
    45   463   464   465   466   467   468   469   470   471   472   473   474   475
    46   476   477   478   479   480   481   482   483   484   485   486   487   488   489
    47   490
    48   491   492   493   494   495   496   497
    49   498   499   500   501   502   503
    50   504   505   506
    51   507   508   509   510   511   512   513   514   515   516   517   518   519   520   521   522   523   524   525   526   527
    52   528   529   530   531
    53   532   533   534   535   536   537   538   539   540   541   542   543   544   545   546   547   548   549
    54   550   551   552   553
    55   554   555   556   557   558   559   560   561   562   563   564   565   566   567   568   569   570   571   572   573   574   575   576   577   578   579
    56   580   581   582
    57   583   584   585   586   587   588   589   590   591   592   593   594   595   596   597   598   599
    58   600   601   602   603   604   605   606   607   608   609   610   611   612   613   614   615   616   617
    59   618   619   620   621   622   623   624   625   626   627   628   629   630   631   632   633
    60   634   635   636   637   638   639   640   641   642   643   644   645   646
    61   647   648   649   650   651   652   653   654   655   656   657   658   659   660   661   662   663   664   665
    62   666   667   668   669   670   671   672   673   674   675   676   677   678
    63   679   680   681   682   683   684   685   686   687   688   689   690   691   692   693   694   695   696
    64   697   698   699   700   701   702   703   704   705   706   707   708   709   710   711   712
    65   713   714
    66   715   716   717   718   719   720   721   722   723   724   725   726   727   728   729   730   731   732   733   734   735   736
    67   737   738   739   740
    68   741   742   743   744
    69   745   746   747
    70   748   749   750   751   752   753   754   755   756   757   758   759   760   761   762   763   764   765
    71   766   767   768   769   770   771   772   773
    72   774   775   776   777   778   779   780   781   782   783   784   785   786   787   788   789   790
    73   791   792   793   794   795   796   797   798   799   800   801   802   803   804   805   806   807   808
    74   809   810   811   812   813   814   815   816   817   818   819   820   821   822   823   824   825   826   827   828
    75   829   830   831   832
    76   833   834   835   836   837   838   839   840   841   842   843   844   845   846   847   848   849   850
    77   851   852   853   854   855   856   857   858   859   860   861   862   863   864   865   866   867
    78   868   869   870   871   872   873   874   875   876
    79   877   878   879   880   881   882   883   884   885   886   887   888   889   890   891   892   893   894   895
    80   896   897
    81   898   899   900   901   902   903   904   905   906   907   908   909   910
    82   911   912   913   914   915   916   917   918
    83   919   920   921   922   923   924   925   926   927   928   929   930   931   932   933   934   935
    84   936   937   938   939
    85   940   941   942   943   944   945   946   947   948   949   950   951
    86   952   953   954   955   956   957   958   959   960   961   962   963   964   965   966   967   968   969   970
    87   971   972   973   974   975   976   977   978   979   980   981   982   983   984   985
    88   986   987   988   989   990   991   992   993   994
    89   995   996   997   998   999  1000  1001  1002  1003  1004  1005  1006  1007  1008  1009  1010  1011
    90  1012  1013  1014  1015  1016  1017  1018
    91  1019  1020  1021  1022  1023  1024  1025  1026  1027  1028  1029  1030  1031  1032  1033  1034  1035  1036
    92  1037  1038  1039  1040  1041  1042  1043  1044  1045  1046  1047
    93  1048  1049  1050
    94  1051  1052  1053  1054  1055  1056  1057  1058  1059  1060  1061
    95  1062  1063  1064  1065  1066  1067  1068  1069  1070
    96  1071  1072  1073  1074
    97  1075  1076  1077  1078  1079  1080  1081  1082  1083  1084  1085  1086  1087  1088  1089  1090  1091
    98  1092  1093  1094  1095  1096  1097  1098  1099  1100  1101  1102  1103  1104  1105  1106
    99  1107  1108  1109  1110  1111  1112  1113  1114  1115  1116  1117  1118  1119  1120  1121  1122  1123  1124  1125  1126
