*Parametros (L) 
   1.00000000e+00
*Coordenadas 
1310
     0 1  +0.00000000e+00  +9.98057418e-02
     1 0  +5.53358963e-02  +1.04741158e-01
     2 0  +1.10079019e-01  +1.14207430e-01
     3 0  +1.64841426e-01  +1.23561494e-01
     4 0  +2.09591146e-01  +1.56483862e-01
     5 0  +2.39864366e-01  +2.03066604e-01
     6 0  +2.79997686e-01  +2.41481920e-01
     7 0  +3.31691810e-01  +2.61832282e-01
     8 0  +3.83442000e-01  +2.82039647e-01
     9 0  +4.38796554e-01  +2.86761209e-01
    10 0  +4.90118399e-01  +2.65489445e-01
    11 0  +5.45084870e-01  +2.57420568e-01
    12 0  +5.98057115e-01  +2.74164553e-01
    13 0  +6.52053138e-01  +2.87235484e-01
    14 0  +7.07419544e-01  +2.91815972e-01
    15 0  +7.62931791e-01  +2.94009181e-01
    16 0  +8.15811607e-01  +3.11042819e-01
    17 0  +8.55397875e-01  +3.50021622e-01
    18 0  +8.97163755e-01  +3.86655364e-01
    19 0  +9.17657961e-01  +4.38292630e-01
    20 0  +9.30446364e-01  +4.92356264e-01
    21 0  +9.66742241e-01  +5.34416092e-01
    22 0  +9.80397521e-01  +5.88267304e-01
    23 0  +9.78844424e-01  +6.43801146e-01
    24 0  +9.97578261e-01  +6.96102801e-01
    25 1  +1.00000000e+00  +7.03834529e-01
    26 1  +0.00000000e+00  +6.05794164e-01
    27 0  +4.28339649e-02  +6.41173129e-01
    28 0  +9.42579872e-02  +6.62196680e-01
    29 0  +1.38282878e-01  +6.96082204e-01
    30 0  +1.79502566e-01  +7.33329447e-01
    31 0  +2.08457794e-01  +7.80742679e-01
    32 0  +2.37377340e-01  +8.28177682e-01
    33 0  +2.54445159e-01  +8.81046476e-01
    34 0  +2.72485265e-01  +9.33591450e-01
    35 0  +3.09069697e-01  +9.75400529e-01
    36 1  +3.23809725e-01  +1.00000000e+00
    37 1  +1.00000000e+00  +3.75400957e-01
    38 0  +9.55301639e-01  +3.42408893e-01
    39 0  +9.03091021e-01  +3.23422815e-01
    40 0  +8.51551341e-01  +3.02684418e-01
    41 0  +8.01506914e-01  +2.78560258e-01
    42 0  +7.67676896e-01  +2.34492700e-01
    43 0  +7.18850327e-01  +2.07990136e-01
    44 0  +6.77699171e-01  +1.70667192e-01
    45 0  +6.40346174e-01  +1.29543313e-01
    46 0  +5.93990344e-01  +9.89237645e-02
    47 0  +5.43469949e-01  +7.58129585e-02
    48 0  +4.99259812e-01  +4.21694817e-02
    49 0  +4.59002752e-01  +3.88385846e-03
    50 1  +4.45935072e-01  -9.54097912e-17
    51 1  +0.00000000e+00  +9.81916629e-01
    52 0  +6.89530426e-03  +9.26790641e-01
    53 0  +1.29724465e-02  +8.71568471e-01
    54 0  +1.85761908e-02  +8.16296255e-01
    55 0  +1.97437519e-02  +7.60752970e-01
    56 0  +3.29274478e-03  +7.07689007e-01
    57 1  -4.72712147e-17  +6.97850069e-01
    58 1  +6.71328805e-01  +0.00000000e+00
    59 0  +6.19075222e-01  +1.88675078e-02
    60 0  +5.69192333e-01  +4.33239400e-02
    61 0  +5.18664764e-01  +6.64190600e-02
    62 0  +4.83393064e-01  +1.09341396e-01
    63 0  +4.61643907e-01  +1.60462761e-01
    64 0  +4.36175784e-01  +2.09836787e-01
    65 0  +3.91721765e-01  +2.43157350e-01
    66 0  +3.43257780e-01  +2.70317284e-01
    67 0  +2.90280462e-01  +2.87045209e-01
    68 0  +2.50374903e-01  +3.25697066e-01
    69 0  +2.29750423e-01  +3.77282438e-01
    70 0  +2.01277674e-01  +4.24986970e-01
    71 0  +1.78708227e-01  +4.75751523e-01
    72 0  +1.62615230e-01  +5.28925155e-01
    73 0  +1.25404590e-01  +5.70177889e-01
    74 0  +8.49983829e-02  +6.08306070e-01
    75 0  +3.69628414e-02  +6.36216758e-01
    76 1  +5.55111512e-17  +6.65976222e-01
    77 1  +4.11789474e-02  +1.00000000e+00
    78 1  -1.38777878e-17  +9.67791810e-01
    79 1  +0.00000000e+00  +9.90648545e-01
    80 0  +3.82010170e-02  +9.50311192e-01
    81 0  +6.59441857e-02  +9.02178705e-01
    82 0  +9.51662163e-02  +8.54929443e-01
    83 0  +1.14457384e-01  +8.02830781e-01
    84 0  +1.10435295e-01  +7.47421012e-01
    85 0  +1.26972106e-01  +6.94383727e-01
    86 0  +1.53285263e-01  +6.45454824e-01
    87 0  +1.60355718e-01  +5.90351027e-01
    88 0  +1.77780227e-01  +5.37598717e-01
    89 0  +1.93517082e-01  +4.84318597e-01
    90 0  +1.89806784e-01  +4.28887077e-01
    91 0  +1.77963016e-01  +3.74608675e-01
    92 0  +1.82894920e-01  +3.19272466e-01
    93 0  +2.07249000e-01  +2.69339525e-01
    94 0  +2.34743167e-01  +2.21064371e-01
    95 0  +2.58560848e-01  +1.70873357e-01
    96 0  +2.74321708e-01  +1.17600334e-01
    97 0  +2.98157618e-01  +6.74179748e-02
    98 0  +3.07186447e-01  +1.26010067e-02
    99 1  +3.11087728e-01  -9.71445147e-17
   100 1  +1.00000000e+00  +3.38417475e-01
   101 0  +9.69089179e-01  +2.92255359e-01
   102 0  +9.25047119e-01  +2.58392153e-01
   103 0  +8.85775065e-01  +2.19096790e-01
   104 0  +8.35253885e-01  +1.95987700e-01
   105 0  +7.81112711e-01  +1.83531654e-01
   106 0  +7.27117263e-01  +1.96604959e-01
   107 0  +6.73209461e-01  +1.83174819e-01
   108 0  +6.18127573e-01  +1.75935664e-01
   109 0  +5.69151707e-01  +1.49710022e-01
   110 0  +5.26230706e-01  +1.14436697e-01
   111 0  +4.73557905e-01  +9.67732960e-02
   112 0  +4.18978968e-01  +8.64022119e-02
   113 0  +3.63423437e-01  +8.63502194e-02
   114 0  +3.12424748e-01  +1.08385499e-01
   115 0  +2.63932233e-01  +1.35494458e-01
   116 0  +2.09001672e-01  +1.43804287e-01
   117 0  +1.56777345e-01  +1.62752622e-01
   118 0  +1.04963152e-01  +1.82795307e-01
   119 0  +4.94222795e-02  +1.81518126e-01
   120 1  -1.45716772e-16  +1.73953123e-01
   121 1  +0.00000000e+00  +6.88872980e-01
   122 0  +1.06128031e-02  +6.34340529e-01
   123 1  -6.93889390e-17  +5.97495475e-01
   124 1  +0.00000000e+00  +9.38091801e-01
   125 0  +4.79626008e-02  +9.66127647e-01
   126 0  +9.88581636e-02  +9.88400084e-01
   127 0  +1.54340431e-01  +9.85547404e-01
   128 0  +2.08778704e-01  +9.96633167e-01
   129 0  +2.63822655e-01  +9.89110980e-01
   130 0  +3.14418734e-01  +9.66166340e-01
   131 0  +3.58948079e-01  +9.32946509e-01
   132 0  +4.11276615e-01  +9.14287890e-01
   133 0  +4.66072012e-01  +9.05129055e-01
   134 0  +5.15862772e-01  +8.80485598e-01
   135 0  +5.64207631e-01  +8.53114182e-01
   136 0  +6.18953363e-01  +8.43663014e-01
   137 0  +6.63600979e-01  +8.10602310e-01
   138 0  +7.08810856e-01  +7.78314746e-01
   139 0  +7.59099559e-01  +7.54704027e-01
   140 0  +8.04736151e-01  +7.23022468e-01
   141 0  +8.37447523e-01  +6.78118282e-01
   142 0  +8.65864571e-01  +6.30380549e-01
   143 0  +8.88621661e-01  +5.79699837e-01
   144 0  +9.32215364e-01  +5.45261357e-01
   145 0  +9.86536125e-01  +5.33613412e-01
   146 1  +1.00000000e+00  +5.32333631e-01
   147 1  +0.00000000e+00  +7.91240139e-01
   148 0  +3.92000273e-02  +8.30607354e-01
   149 0  +8.38100967e-02  +8.63718703e-01
   150 0  +1.37996336e-01  +8.75977219e-01
   151 0  +1.93158588e-01  +8.69378299e-01
   152 0  +2.46300100e-01  +8.53179550e-01
   153 0  +3.00319000e-01  +8.40203487e-01
   154 0  +3.55415632e-01  +8.47329555e-01
   155 0  +4.10872690e-01  +8.44022822e-01
   156 0  +4.60547064e-01  +8.19145597e-01
   157 0  +5.12242330e-01  +7.98798135e-01
   158 0  +5.63241195e-01  +7.76763264e-01
   159 0  +6.03812607e-01  +7.38810921e-01
   160 0  +6.40770486e-01  +6.97331590e-01
   161 0  +6.65875713e-01  +6.47772057e-01
   162 0  +6.90919438e-01  +5.98181417e-01
   163 0  +7.33465440e-01  +5.62456671e-01
   164 0  +7.66009965e-01  +5.17431415e-01
   165 0  +8.09373137e-01  +4.82703111e-01
   166 0  +8.54689612e-01  +4.50565333e-01
   167 0  +8.93035064e-01  +4.10365258e-01
   168 0  +9.09127356e-01  +3.57191412e-01
   169 0  +9.31388027e-01  +3.06290701e-01
   170 0  +9.42942624e-01  +2.51950007e-01
   171 0  +9.45667795e-01  +1.96461331e-01
   172 0  +9.42297348e-01  +1.41008109e-01
   173 0  +9.18316373e-01  +9.08949111e-02
   174 0  +8.88051968e-01  +4.43064408e-02
   175 0  +8.47534365e-01  +6.29665837e-03
   176 1  +8.33444893e-01  -2.16840434e-16
   177 1  +1.08698545e-01  +1.00000000e+00
   178 0  +1.54438881e-01  +9.68468407e-01
   179 0  +2.08546196e-01  +9.55866098e-01
   180 0  +2.58005447e-01  +9.30563880e-01
   181 0  +3.07745424e-01  +9.05818083e-01
   182 0  +3.63297188e-01  +9.06467127e-01
   183 0  +4.16076566e-01  +9.23809477e-01
   184 0  +4.58480453e-01  +9.59702792e-01
   185 0  +5.03432549e-01  +9.92348295e-01
   186 1  +5.15522144e-01  +1.00000000e+00
   187 1  +9.54936577e-01  +1.00000000e+00
   188 0  +9.51478476e-01  +9.44552175e-01
   189 0  +9.41249440e-01  +8.89946437e-01
   190 0  +9.56644069e-01  +8.36566430e-01
   191 0  +9.53129098e-01  +7.81122181e-01
   192 0  +9.41344766e-01  +7.26830844e-01
   193 0  +9.12081186e-01  +6.79607306e-01
   194 0  +8.89452704e-01  +6.28869040e-01
   195 0  +8.50046784e-01  +5.89707922e-01
   196 0  +8.12737031e-01  +5.48544807e-01
   197 0  +7.66968286e-01  +5.17054463e-01
   198 0  +7.16627243e-01  +4.93555545e-01
   199 0  +6.61115725e-01  +4.95767151e-01
   200 0  +6.12516049e-01  +5.22683525e-01
   201 0  +5.60972469e-01  +5.43412229e-01
   202 0  +5.23967077e-01  +5.84849178e-01
   203 0  +4.85217499e-01  +6.24659855e-01
   204 0  +4.36550350e-01  +6.51454040e-01
   205 0  +4.02847478e-01  +6.95618915e-01
   206 0  +3.66091558e-01  +7.37277312e-01
   207 0  +3.20686592e-01  +7.69289948e-01
   208 0  +2.69817374e-01  +7.91622488e-01
   209 0  +2.14620919e-01  +7.97928924e-01
   210 0  +1.65634919e-01  +8.24135632e-01
   211 0  +1.27240581e-01  +8.64289019e-01
   212 0  +8.41138707e-02  +8.99310536e-01
   213 0  +3.14976765e-02  +9.17141853e-01
   214 1  +1.38777878e-17  +9.20469548e-01
   215 1  +8.14843987e-01  +0.00000000e+00
   216 0  +8.69678117e-01  +8.92401007e-03
   217 0  +9.24796316e-01  +1.96672016e-03
   218 1  +9.27967744e-01  -1.37043155e-16
   219 1  +3.18541097e-01  +0.00000000e+00
   220 0  +2.75268115e-01  +3.48406197e-02
   221 0  +2.22129740e-01  +5.10496580e-02
   222 0  +1.69589094e-01  +6.91023661e-02
   223 0  +1.15585892e-01  +8.21436039e-02
   224 0  +6.68701489e-02  +1.08849336e-01
   225 0  +1.73027553e-02  +1.33939040e-01
   226 1  -1.24900090e-16  +1.36736445e-01
   227 1  +1.00000000e+00  +2.27377512e-01
   228 0  +9.77329244e-01  +2.78096902e-01
   229 0  +9.74463332e-01  +3.33578488e-01
   230 0  +9.83967195e-01  +3.88315096e-01
   231 0  +9.70854520e-01  +4.42300997e-01
   232 0  +9.84147517e-01  +4.96242781e-01
   233 1  +1.00000000e+00  +5.15808407e-01
   234 1  +3.25707145e-03  +1.00000000e+00
   235 1  -4.77048956e-18  +9.74245496e-01
   236 1  +7.61310573e-01  +0.00000000e+00
   237 0  +8.16823329e-01  +2.18030329e-03
   238 0  +8.65458225e-01  +2.90329877e-02
   239 0  +9.11627975e-01  +5.99324037e-02
   240 0  +9.66250693e-01  +7.00703722e-02
   241 1  +1.00000000e+00  +7.03781835e-02
   242 1  +1.00000000e+00  +2.67101646e-01
   243 0  +9.52324017e-01  +2.38581121e-01
   244 0  +9.06191796e-01  +2.07625701e-01
   245 0  +8.53317305e-01  +1.90575543e-01
   246 0  +8.06639402e-01  +1.60449256e-01
   247 0  +7.65579545e-01  +1.23025896e-01
   248 0  +7.18760860e-01  +9.31188659e-02
   249 0  +6.66976784e-01  +7.29984957e-02
   250 0  +6.28492039e-01  +3.29317501e-02
   251 1  +6.02231213e-01  -1.17961196e-16
   252 1  +0.00000000e+00  +2.59765408e-01
   253 0  +3.67716793e-02  +3.01409896e-01
   254 0  +8.58319719e-02  +3.27477259e-01
   255 0  +1.21787723e-01  +3.69828218e-01
   256 0  +1.44763587e-01  +4.20410126e-01
   257 0  +1.53517569e-01  +4.75271657e-01
   258 0  +1.71581934e-01  +5.27808296e-01
   259 0  +1.89898711e-01  +5.80257466e-01
   260 0  +2.26580519e-01  +6.21981137e-01
   261 0  +2.78046755e-01  +6.42901134e-01
   262 0  +3.33505413e-01  +6.39621340e-01
   263 0  +3.85345844e-01  +6.19646620e-01
   264 0  +4.40327666e-01  +6.11683017e-01
   265 0  +4.95669050e-01  +6.06809514e-01
   266 0  +5.49706906e-01  +5.93912618e-01
   267 0  +6.05153581e-01  +5.90436140e-01
   268 0  +6.60196806e-01  +5.97963635e-01
   269 0  +7.09716890e-01  +6.23146586e-01
   270 0  +7.55692621e-01  +6.54333954e-01
   271 0  +7.95705427e-01  +6.92874778e-01
   272 0  +8.37061326e-01  +7.29970726e-01
   273 0  +8.84758165e-01  +7.58456359e-01
   274 0  +9.38137130e-01  +7.73854602e-01
   275 0  +9.85956485e-01  +8.02134082e-01
   276 1  +1.00000000e+00  +8.11432461e-01
   277 1  +1.00000000e+00  +1.47761412e-01
   278 0  +9.47641854e-01  +1.66336779e-01
   279 0  +8.92117975e-01  +1.68212600e-01
   280 0  +8.39641581e-01  +1.86451235e-01
   281 0  +7.91205800e-01  +2.13661433e-01
   282 0  +7.39265204e-01  +2.33374225e-01
   283 0  +6.98520933e-01  +2.71140933e-01
   284 0  +6.74995820e-01  +3.21469739e-01
   285 0  +6.51906105e-01  +3.71999778e-01
   286 0  +6.11725651e-01  +4.10365790e-01
   287 0  +5.59642897e-01  +4.29699866e-01
   288 0  +5.08984265e-01  +4.52506067e-01
   289 0  +4.65944452e-01  +4.87634321e-01
   290 0  +4.31200231e-01  +5.30984740e-01
   291 0  +4.11129510e-01  +5.82788079e-01
   292 0  +4.08812872e-01  +6.38295312e-01
   293 0  +4.11410848e-01  +6.93790089e-01
   294 0  +4.26615329e-01  +7.47224568e-01
   295 0  +4.17880094e-01  +8.02089086e-01
   296 0  +4.00349311e-01  +8.54806175e-01
   297 0  +3.75822732e-01  +9.04654612e-01
   298 0  +3.70715406e-01  +9.59974906e-01
   299 1  +3.45668587e-01  +1.00000000e+00
   300 1  +3.84757863e-01  +0.00000000e+00
   301 0  +3.81433245e-01  +5.54559885e-02
   302 0  +3.71009142e-01  +1.10024824e-01
   303 0  +3.46701468e-01  +1.59980372e-01
   304 0  +3.09686284e-01  +2.01408574e-01
   305 0  +2.89724445e-01  +2.53253967e-01
   306 0  +2.74954205e-01  +3.06810103e-01
   307 0  +2.42801935e-01  +3.52116298e-01
   308 0  +2.05139056e-01  +3.92956563e-01
   309 0  +1.89241752e-01  +4.46189030e-01
   310 0  +1.88288263e-01  +5.01736402e-01
   311 0  +1.80999422e-01  +5.56811738e-01
   312 0  +1.65394215e-01  +6.10130564e-01
   313 0  +1.47686278e-01  +6.62788410e-01
   314 0  +1.36328623e-01  +7.17170608e-01
   315 0  +1.47924019e-01  +7.71502611e-01
   316 0  +1.81448866e-01  +8.15802772e-01
   317 0  +1.99556875e-01  +8.68324385e-01
   318 0  +2.03291008e-01  +9.23754305e-01
   319 0  +2.04563022e-01  +9.79295296e-01
   320 1  +1.97615983e-01  +1.00000000e+00
   321 1  +1.00000000e+00  +2.31191571e-01
   322 0  +9.64411552e-01  +2.73851648e-01
   323 0  +9.50376538e-01  +3.27605142e-01
   324 0  +9.34911406e-01  +3.80964766e-01
   325 0  +9.26083576e-01  +4.35814462e-01
   326 0  +9.24730895e-01  +4.91353547e-01
   327 0  +9.07797864e-01  +5.44265665e-01
   328 0  +8.82520294e-01  +5.93737518e-01
   329 0  +8.82476193e-01  +6.49293056e-01
   330 0  +8.78198761e-01  +7.04683699e-01
   331 0  +8.64916411e-01  +7.58628105e-01
   332 0  +8.40302262e-01  +8.08433360e-01
   333 0  +8.31850257e-01  +8.63342224e-01
   334 0  +8.07486573e-01  +9.13270479e-01
   335 0  +7.68111941e-01  +9.52463056e-01
   336 0  +7.33826456e-01  +9.96177187e-01
   337 1  +7.27857764e-01  +1.00000000e+00
   338 1  +4.05541358e-01  +0.00000000e+00
   339 0  +3.67724433e-01  +4.06976644e-02
   340 0  +3.41389280e-01  +8.96147317e-02
   341 0  +3.03271650e-01  +1.30030892e-01
   342 0  +2.85206905e-01  +1.82567401e-01
   343 0  +2.86435828e-01  +2.38109363e-01
   344 0  +3.05303661e-01  +2.90362828e-01
   345 0  +3.14483824e-01  +3.45154655e-01
   346 0  +3.33872489e-01  +3.97217112e-01
   347 0  +3.44662898e-01  +4.51714698e-01
   348 0  +3.41298305e-01  +5.07168276e-01
   349 0  +3.36690368e-01  +5.62532404e-01
   350 0  +3.18159081e-01  +6.14906167e-01
   351 0  +2.85860874e-01  +6.60108442e-01
   352 0  +2.47953144e-01  +7.00721540e-01
   353 0  +2.20019444e-01  +7.48743703e-01
   354 0  +1.73172807e-01  +7.78606931e-01
   355 0  +1.22187051e-01  +8.00672116e-01
   356 0  +7.29701204e-02  +8.26442516e-01
   357 0  +3.66012447e-02  +8.68439238e-01
   358 0  +1.38319959e-02  +9.19114489e-01
   359 1  -1.56125113e-17  +9.37358897e-01
   360 1  +0.00000000e+00  +3.05477659e-01
   361 0  +3.50117281e-02  +3.48612316e-01
   362 0  +5.69905869e-02  +3.99635345e-01
   363 0  +9.01493403e-02  +4.44210190e-01
   364 0  +1.07759363e-01  +4.96900862e-01
   365 0  +1.00380012e-01  +5.51964143e-01
   366 0  +9.73236137e-02  +6.07435561e-01
   367 0  +1.09518837e-01  +6.61636080e-01
   368 0  +1.36175285e-01  +7.10378808e-01
   369 0  +1.51024317e-01  +7.63913152e-01
   370 0  +1.56538792e-01  +8.19194345e-01
   371 0  +1.75294144e-01  +8.71488289e-01
   372 0  +1.76618889e-01  +9.27028048e-01
   373 0  +1.84776190e-01  +9.81981466e-01
   374 1  +1.80533501e-01  +1.00000000e+00
   375 1  +1.63315785e-01  +0.00000000e+00
   376 0  +1.26619017e-01  +4.17105139e-02
   377 0  +9.76416078e-02  +8.91101924e-02
   378 0  +6.56060973e-02  +1.34499022e-01
   379 0  +4.35110976e-02  +1.85471865e-01
   380 0  +1.69430465e-02  +2.34262831e-01
   381 1  -4.85722573e-17  +2.56922849e-01
   382 1  +0.00000000e+00  +3.48848620e-01
   383 0  +3.11239750e-02  +3.94867290e-01
   384 0  +5.02958022e-02  +4.47009986e-01
   385 0  +7.49147697e-02  +4.96812859e-01
   386 0  +1.12018025e-01  +5.38162203e-01
   387 0  +1.51408156e-01  +5.77339203e-01
   388 0  +1.71191040e-01  +6.29253144e-01
   389 0  +1.78797830e-01  +6.84285466e-01
   390 0  +1.99400446e-01  +7.35879574e-01
   391 0  +2.38724179e-01  +7.75123220e-01
   392 0  +2.81927743e-01  +8.10049884e-01
   393 0  +3.34856755e-01  +8.26930031e-01
   394 0  +3.81876767e-01  +8.56519528e-01
   395 0  +4.28239923e-01  +8.87127981e-01
   396 0  +4.60822299e-01  +9.32125854e-01
   397 0  +5.00049114e-01  +9.71466377e-01
   398 1  +5.28676401e-01  +1.00000000e+00
   399 1  +1.00000000e+00  +2.81062075e-01
   400 0  +9.79236677e-01  +3.32591719e-01
   401 0  +9.51460158e-01  +3.80704968e-01
   402 0  +9.21186011e-01  +4.27287108e-01
   403 0  +8.84976445e-01  +4.69421264e-01
   404 0  +8.34289124e-01  +4.92163631e-01
   405 0  +7.79780748e-01  +5.02899395e-01
   406 0  +7.26984874e-01  +5.20191458e-01
   407 0  +6.71564907e-01  +5.16312410e-01
   408 0  +6.19602755e-01  +5.35968313e-01
   409 0  +5.77126330e-01  +5.71775757e-01
   410 0  +5.37016078e-01  +6.10215157e-01
   411 0  +5.09440230e-01  +6.58443700e-01
   412 0  +4.90117584e-01  +7.10530696e-01
   413 0  +4.92167409e-01  +7.66048422e-01
   414 0  +4.68417477e-01  +8.16271529e-01
   415 0  +4.61124633e-01  +8.71346335e-01
   416 0  +4.51143084e-01  +9.25997853e-01
   417 0  +4.49847594e-01  +9.81538302e-01
   418 1  +4.58499651e-01  +1.00000000e+00
   419 1  +9.29279775e-01  +0.00000000e+00
   420 0  +8.89516438e-01  +3.87981544e-02
   421 0  +8.66976966e-01  +8.95760231e-02
   422 0  +8.39709243e-01  +1.37979443e-01
   423 0  +8.37814780e-01  +1.93502688e-01
   424 0  +8.60195270e-01  +2.44350829e-01
   425 0  +8.75168272e-01  +2.97850632e-01
   426 0  +8.66345505e-01  +3.52701143e-01
   427 0  +8.77099690e-01  +4.07205888e-01
   428 0  +8.98413765e-01  +4.58510176e-01
   429 0  +9.21998898e-01  +5.08810885e-01
   430 0  +9.44460258e-01  +5.59623354e-01
   431 0  +9.81672861e-01  +6.00874317e-01
   432 1  +1.00000000e+00  +6.13691033e-01
   433 1  +9.47112094e-01  +1.00000000e+00
   434 0  +9.46909577e-01  +9.44444814e-01
   435 0  +9.24455116e-01  +8.93629295e-01
   436 0  +9.13435692e-01  +8.39177554e-01
   437 0  +8.93764324e-01  +7.87221255e-01
   438 0  +8.69939364e-01  +7.37033697e-01
   439 0  +8.60066314e-01  +6.82362474e-01
   440 0  +8.51213112e-01  +6.27516867e-01
   441 0  +8.32871557e-01  +5.75076357e-01
   442 0  +8.22589868e-01  +5.20480509e-01
   443 0  +8.36422515e-01  +4.66674583e-01
   444 0  +8.54062787e-01  +4.13994031e-01
   445 0  +8.72564807e-01  +3.61609921e-01
   446 0  +8.79071950e-01  +3.06436768e-01
   447 0  +8.86562714e-01  +2.51388532e-01
   448 0  +8.85848615e-01  +1.95837566e-01
   449 0  +8.64612712e-01  +1.44500872e-01
   450 0  +8.23905824e-01  +1.06693876e-01
   451 0  +8.03612730e-01  +5.49772427e-02
   452 1  +8.07693989e-01  -1.94289029e-16
   453 1  +1.00000000e+00  +3.59527802e-01
   454 0  +9.88949377e-01  +3.05082385e-01
   455 0  +9.88656846e-01  +2.49527599e-01
   456 0  +9.82613512e-01  +1.94301719e-01
   457 0  +9.76403775e-01  +1.39094302e-01
   458 0  +9.49162302e-01  +9.06761040e-02
   459 0  +9.29159845e-01  +3.88463686e-02
   460 1  +9.01519118e-01  -1.80411242e-16
   461 1  +1.40119134e-01  +0.00000000e+00
   462 0  +8.47279585e-02  +4.27053146e-03
   463 1  +7.43849961e-02  -1.82145965e-17
   464 1  +4.19969682e-01  +1.00000000e+00
   465 0  +3.67920188e-01  +9.80576563e-01
   466 0  +3.25324167e-01  +9.44911471e-01
   467 0  +2.92403323e-01  +9.00160630e-01
   468 0  +2.49519433e-01  +8.64842196e-01
   469 0  +2.01109542e-01  +8.37585963e-01
   470 0  +1.46283525e-01  +8.28612244e-01
   471 0  +9.12531460e-02  +8.20991412e-01
   472 0  +3.69088408e-02  +8.32529013e-01
   473 1  -1.17961196e-16  +8.24063939e-01
   474 1  +1.00000000e+00  +6.16472070e-01
   475 0  +9.94756024e-01  +6.71779578e-01
   476 1  +1.00000000e+00  +6.84578277e-01
   477 1  +8.55730099e-01  +0.00000000e+00
   478 0  +8.20687051e-01  +4.31092160e-02
   479 0  +7.71306433e-01  +6.85645562e-02
   480 0  +7.30001444e-01  +1.05717183e-01
   481 0  +7.03586367e-01  +1.54591138e-01
   482 0  +6.61388843e-01  +1.90726836e-01
   483 0  +6.07569603e-01  +2.04507589e-01
   484 0  +5.52350900e-01  +1.98399016e-01
   485 0  +4.97157931e-01  +1.92062145e-01
   486 0  +4.44893467e-01  +2.10899489e-01
   487 0  +3.89835731e-01  +2.03478883e-01
   488 0  +3.36326868e-01  +2.18419477e-01
   489 0  +2.81413878e-01  +2.09994317e-01
   490 0  +2.28783017e-01  +2.27782296e-01
   491 0  +1.87212854e-01  +2.64637978e-01
   492 0  +1.35431028e-01  +2.84764136e-01
   493 0  +7.98755482e-02  +2.84855910e-01
   494 0  +2.82112783e-02  +3.05281946e-01
   495 1  -1.45716772e-16  +3.23379113e-01
   496 1  +7.92329039e-01  +1.00000000e+00
   497 0  +7.89031171e-01  +9.44542414e-01
   498 0  +7.62401112e-01  +8.95785264e-01
   499 0  +7.61630221e-01  +8.40235057e-01
   500 0  +7.61556990e-01  +7.84679550e-01
   501 0  +7.43229958e-01  +7.32233962e-01
   502 0  +7.32581948e-01  +6.77708375e-01
   503 0  +7.14095507e-01  +6.25318765e-01
   504 0  +6.98256867e-01  +5.72068815e-01
   505 0  +7.06063656e-01  +5.17064507e-01
   506 0  +7.24022516e-01  +4.64491710e-01
   507 0  +7.38918922e-01  +4.10970528e-01
   508 0  +7.62084366e-01  +3.60475163e-01
   509 0  +7.60966701e-01  +3.04930851e-01
   510 0  +7.54977712e-01  +2.49699050e-01
   511 0  +7.70978259e-01  +1.96497526e-01
   512 0  +8.04887636e-01  +1.52491004e-01
   513 0  +8.52457763e-01  +1.23794267e-01
   514 0  +9.07233844e-01  +1.14520608e-01
   515 0  +9.61433752e-01  +1.02322670e-01
   516 1  +1.00000000e+00  +9.90324866e-02
   517 1  +9.55848997e-01  +1.00000000e+00
   518 0  +9.00830277e-01  +9.92295446e-01
   519 0  +8.51478105e-01  +9.66784998e-01
   520 0  +7.96241317e-01  +9.60842191e-01
   521 0  +7.41026310e-01  +9.54700306e-01
   522 0  +6.85489683e-01  +9.53250175e-01
   523 0  +6.32485800e-01  +9.36606614e-01
   524 0  +5.77037681e-01  +9.40059990e-01
   525 0  +5.21586342e-01  +9.36658692e-01
   526 0  +4.68517990e-01  +9.20221850e-01
   527 0  +4.17704057e-01  +8.97763801e-01
   528 0  +3.68284469e-01  +8.72384203e-01
   529 0  +3.14981596e-01  +8.56724587e-01
   530 0  +2.60494678e-01  +8.45880440e-01
   531 0  +2.06147321e-01  +8.34357224e-01
   532 0  +1.51522707e-01  +8.24229475e-01
   533 0  +9.59673895e-02  +8.24066832e-01
   534 0  +4.20942400e-02  +8.10498357e-01
   535 1  -2.08166817e-17  +7.95569310e-01
   536 1  +2.00890976e-01  +0.00000000e+00
   537 0  +2.55588564e-01  +9.72592457e-03
   538 0  +3.10870700e-01  +1.52309372e-02
   539 0  +3.66198906e-01  +2.02518343e-02
   540 0  +4.19013842e-01  +3.01808010e-03
   541 1  +4.25172986e-01  -1.23165367e-16
   542 1  +1.00000000e+00  +8.34650031e-01
   543 0  +9.57297882e-01  +7.99112040e-01
   544 0  +9.03633242e-01  +7.84741021e-01
   545 0  +8.48100248e-01  +7.86324178e-01
   546 0  +7.92756429e-01  +7.91169941e-01
   547 0  +7.37202569e-01  +7.91604002e-01
   548 0  +6.82322742e-01  +7.82965464e-01
   549 0  +6.27277706e-01  +7.75451223e-01
   550 0  +5.71791148e-01  +7.72683256e-01
   551 0  +5.16288099e-01  +7.70268456e-01
   552 0  +4.64978765e-01  +7.91570381e-01
   553 0  +4.22829536e-01  +8.27762400e-01
   554 0  +3.69102640e-01  +8.41898892e-01
   555 0  +3.13895163e-01  +8.35689685e-01
   556 0  +2.58919064e-01  +8.43692698e-01
   557 0  +2.03749665e-01  +8.50231595e-01
   558 0  +1.55120542e-01  +8.77094734e-01
   559 0  +1.07297151e-01  +9.05367387e-01
   560 0  +5.57084409e-02  +9.25983516e-01
   561 0  +1.75678827e-03  +9.39236400e-01
   562 1  +1.90819582e-17  +9.40403713e-01
   563 1  +4.29380932e-01  +1.00000000e+00
   564 0  +3.85543628e-01  +9.65872144e-01
   565 0  +3.31307333e-01  +9.53837028e-01
   566 0  +2.77734065e-01  +9.68545009e-01
   567 1  +2.38573847e-01  +1.00000000e+00
   568 1  +0.00000000e+00  +3.61672907e-01
   569 0  +3.01557252e-02  +3.15014017e-01
   570 0  +4.50989127e-02  +2.61505878e-01
   571 0  +6.14127539e-02  +2.08399586e-01
   572 0  +9.76014484e-02  +1.66247502e-01
   573 0  +1.47966270e-01  +1.42799591e-01
   574 0  +1.97856472e-01  +1.18358080e-01
   575 0  +2.39129151e-01  +8.11695636e-02
   576 0  +2.83580237e-01  +4.78450885e-02
   577 0  +3.32514724e-01  +2.15423164e-02
   578 0  +3.85921018e-01  +6.23913099e-03
   579 1  +3.93110511e-01  -1.16226473e-16
   580 1  +1.00947100e-01  +1.00000000e+00
   581 0  +5.51362723e-02  +9.68570908e-01
   582 0  +1.84487306e-02  +9.26852278e-01
   583 1  -1.73472348e-17  +8.79483144e-01
   584 1  +1.00000000e+00  +3.84672858e-01
   585 0  +9.46369113e-01  +3.70176384e-01
   586 0  +8.91017181e-01  +3.74928578e-01
   587 0  +8.38811039e-01  +3.93926959e-01
   588 0  +7.83314104e-01  +3.96478432e-01
   589 0  +7.27813997e-01  +3.93996931e-01
   590 0  +6.74740788e-01  +3.77575781e-01
   591 0  +6.20832237e-01  +3.64148648e-01
   592 0  +5.65294348e-01  +3.65549601e-01
   593 0  +5.11120287e-01  +3.53237378e-01
   594 0  +4.57622006e-01  +3.38258936e-01
   595 0  +4.10405424e-01  +3.08984132e-01
   596 0  +3.69167145e-01  +2.71757474e-01
   597 0  +3.49713528e-01  +2.19719252e-01
   598 0  +3.32182114e-01  +1.67002373e-01
   599 0  +3.09658502e-01  +1.16217468e-01
   600 0  +2.87650727e-01  +6.52069040e-02
   601 0  +2.87431543e-01  +9.65178079e-03
   602 1  +2.91349976e-01  -7.45931095e-17
   603 1  +0.00000000e+00  +6.30881280e-01
   604 0  +4.07327205e-02  +6.68660444e-01
   605 0  +9.34471686e-02  +6.86199165e-01
   606 0  +1.48116957e-01  +6.96080157e-01
   607 0  +2.02089354e-01  +6.82912011e-01
   608 0  +2.45368275e-01  +6.48078769e-01
   609 0  +2.94113013e-01  +6.21425996e-01
   610 0  +3.49277298e-01  +6.14844100e-01
   611 0  +4.02625616e-01  +5.99340013e-01
   612 0  +4.58180829e-01  +5.99535242e-01
   613 0  +5.08504631e-01  +5.75999425e-01
   614 0  +5.61122935e-01  +5.58174333e-01
   615 0  +6.16587338e-01  +5.61355492e-01
   616 0  +6.70761852e-01  +5.49045265e-01
   617 0  +7.24581537e-01  +5.62824281e-01
   618 0  +7.78268635e-01  +5.77111175e-01
   619 0  +8.26132645e-01  +6.05315009e-01
   620 0  +8.57491252e-01  +6.51174114e-01
   621 0  +8.98136083e-01  +6.89047819e-01
   622 0  +9.26081750e-01  +7.37063019e-01
   623 0  +9.53337522e-01  +7.85473169e-01
   624 0  +9.57652613e-01  +8.40860891e-01
   625 0  +9.82354702e-01  +8.90622588e-01
   626 0  +9.84057852e-01  +9.46152031e-01
   627 1  +1.00000000e+00  +9.74599060e-01
   628 1  +0.00000000e+00  +8.54091545e-01
   629 0  +2.99698078e-02  +8.07313021e-01
   630 0  +7.71596938e-02  +7.77995203e-01
   631 0  +1.26368753e-01  +7.52209777e-01
   632 0  +1.81690232e-01  +7.47115291e-01
   633 0  +2.37235673e-01  +7.48175333e-01
   634 0  +2.87742280e-01  +7.25034407e-01
   635 0  +3.41245057e-01  +7.10072038e-01
   636 0  +3.96587920e-01  +7.14928711e-01
   637 0  +4.49190523e-01  +7.32800085e-01
   638 0  +5.04482208e-01  +7.27391823e-01
   639 0  +5.60034293e-01  +7.26770824e-01
   640 0  +6.14409897e-01  +7.38160002e-01
   641 0  +6.69763451e-01  +7.33426730e-01
   642 0  +7.24919701e-01  +7.26777835e-01
   643 0  +7.79450996e-01  +7.37396577e-01
   644 0  +8.34444996e-01  +7.29517508e-01
   645 0  +8.87718284e-01  +7.45277473e-01
   646 0  +9.40952968e-01  +7.61167349e-01
   647 0  +9.94973584e-01  +7.74136267e-01
   648 1  +1.00000000e+00  +7.73445515e-01
   649 1  +6.34619326e-02  +0.00000000e+00
   650 0  +9.38850067e-02  +4.64850117e-02
   651 0  +1.12278495e-01  +9.89073288e-02
   652 0  +1.26729381e-01  +1.52550517e-01
   653 0  +1.23796007e-01  +2.08028576e-01
   654 0  +1.03776462e-01  +2.59851714e-01
   655 0  +9.08205246e-02  +3.13875444e-01
   656 0  +8.17515857e-02  +3.68685791e-01
   657 0  +6.83246664e-02  +4.22594395e-01
   658 0  +6.34177570e-02  +4.77932827e-01
   659 0  +3.37253514e-02  +5.24887920e-01
   660 0  +1.74488021e-03  +5.70315546e-01
   661 1  -2.35488712e-16  +5.71371719e-01
   662 1  +1.00000000e+00  +2.08026444e-01
   663 0  +9.45315680e-01  +2.17826692e-01
   664 0  +8.92143124e-01  +2.33923246e-01
   665 0  +8.36873050e-01  +2.39548071e-01
   666 0  +7.84095277e-01  +2.22200839e-01
   667 0  +7.31930915e-01  +2.03088041e-01
   668 0  +6.84286258e-01  +1.74515213e-01
   669 0  +6.39844127e-01  +1.41178795e-01
   670 0  +6.01042773e-01  +1.01418580e-01
   671 0  +5.78829865e-01  +5.04970086e-02
   672 1  +5.81626241e-01  -1.31838984e-16
   673 1  +0.00000000e+00  +2.27798267e-01
   674 0  +2.31393214e-02  +2.78305609e-01
   675 0  +3.58006476e-02  +3.32399144e-01
   676 0  +6.05653062e-02  +3.82129733e-01
   677 0  +6.17973179e-02  +4.37671626e-01
   678 0  +5.86740315e-02  +4.93139318e-01
   679 0  +4.29369045e-02  +5.46419357e-01
   680 0  +4.63232672e-02  +6.01871609e-01
   681 0  +3.61113345e-02  +6.56480548e-01
   682 0  +7.89519558e-03  +7.04337306e-01
   683 1  -7.97972799e-17  +7.12126681e-01
   684 1  +0.00000000e+00  +7.78372806e-01
   685 0  +7.42711360e-03  +7.23315947e-01
   686 1  -4.68375339e-17  +6.91245838e-01
   687 1  +0.00000000e+00  +6.67074236e-01
   688 0  +3.55687620e-02  +6.24397744e-01
   689 0  +4.85893630e-02  +5.70389563e-01
   690 0  +3.92581692e-02  +5.15623254e-01
   691 0  +3.62931571e-02  +4.60146876e-01
   692 0  +5.51320277e-02  +4.07882962e-01
   693 0  +9.35308657e-02  +3.67733878e-01
   694 0  +1.45183602e-01  +3.47278692e-01
   695 0  +2.00226316e-01  +3.39747468e-01
   696 0  +2.55724655e-01  +3.42268205e-01
   697 0  +3.10155140e-01  +3.53392148e-01
   698 0  +3.58887481e-01  +3.80067581e-01
   699 0  +4.09550403e-01  +4.02864249e-01
   700 0  +4.63649046e-01  +4.15503733e-01
   701 0  +5.17396910e-01  +4.29560292e-01
   702 0  +5.65677859e-01  +4.57044282e-01
   703 0  +6.20953189e-01  +4.62617217e-01
   704 0  +6.76023367e-01  +4.69944926e-01
   705 0  +7.28032193e-01  +4.89476996e-01
   706 0  +7.81126555e-01  +5.05829624e-01
   707 0  +8.36347730e-01  +5.11915806e-01
   708 0  +8.85343817e-01  +5.38103650e-01
   709 0  +9.24921555e-01  +5.77091115e-01
   710 0  +9.56622565e-01  +6.22714199e-01
   711 1  +1.00000000e+00  +6.47665028e-01
   712 1  +4.77676148e-01  +0.00000000e+00
   713 0  +5.32463463e-01  +9.20705357e-03
   714 0  +5.82156832e-01  +3.40463140e-02
   715 0  +6.35495834e-01  +4.95824214e-02
   716 0  +6.90017820e-01  +6.02488512e-02
   717 0  +7.43380502e-01  +4.47942727e-02
   718 0  +7.92575819e-01  +1.89826367e-02
   719 0  +8.45171225e-01  +1.09009817e-03
   720 1  +8.48755858e-01  -2.28116137e-16
   721 1  +2.89089647e-01  +1.00000000e+00
   722 0  +2.37262477e-01  +9.79990897e-01
   723 0  +1.89309106e-01  +9.51939268e-01
   724 0  +1.35927502e-01  +9.36550175e-01
   725 0  +8.25680263e-02  +9.21084534e-01
   726 0  +2.72312700e-02  +9.26010298e-01
   727 1  +1.73472348e-17  +9.42852313e-01
   728 1  +1.01787422e-02  +0.00000000e+00
   729 0  +6.30525132e-02  +1.70523924e-02
   730 0  +1.01782779e-01  +5.68818575e-02
   731 0  +1.45406600e-01  +9.12821763e-02
   732 0  +1.89171550e-01  +1.25502769e-01
   733 0  +2.18444869e-01  +1.72720272e-01
   734 0  +2.51896851e-01  +2.17075481e-01
   735 0  +2.85072346e-01  +2.61637868e-01
   736 0  +2.99725352e-01  +3.15226198e-01
   737 0  +3.35946694e-01  +3.57350231e-01
   738 0  +3.86598697e-01  +3.80171152e-01
   739 0  +4.32843818e-01  +4.10957651e-01
   740 0  +4.70535193e-01  +4.51771619e-01
   741 0  +5.09370896e-01  +4.91498284e-01
   742 0  +5.51765991e-01  +5.27401984e-01
   743 0  +5.95987113e-01  +5.61031020e-01
   744 0  +6.27972153e-01  +6.06455430e-01
   745 0  +6.63218942e-01  +6.49398224e-01
   746 0  +6.79988505e-01  +7.02362378e-01
   747 0  +6.74813676e-01  +7.57676398e-01
   748 0  +6.92819195e-01  +8.10233235e-01
   749 0  +7.14142136e-01  +8.61533838e-01
   750 0  +7.30957985e-01  +9.14483314e-01
   751 0  +7.33443874e-01  +9.69983225e-01
   752 1  +7.39919074e-01  +1.00000000e+00
   753 1  +1.00000000e+00  +3.34894585e-01
   754 0  +9.48135046e-01  +3.14983626e-01
   755 0  +9.01818945e-01  +2.84304014e-01
   756 0  +8.69404834e-01  +2.39184782e-01
   757 0  +8.61637606e-01  +1.84174874e-01
   758 0  +8.44049652e-01  +1.31476833e-01
   759 0  +8.25617332e-01  +7.90681562e-02
   760 0  +8.21480805e-01  +2.36668124e-02
   761 1  +8.30449067e-01  -2.49800181e-16
   762 1  +4.81330930e-01  +1.00000000e+00
   763 0  +4.25801243e-01  +9.98304827e-01
   764 1  +4.13429476e-01  +1.00000000e+00
   765 1  +1.00000000e+00  +1.19494489e-01
   766 0  +9.57731571e-01  +8.34417543e-02
   767 0  +9.08161275e-01  +5.83577861e-02
   768 0  +8.58852632e-01  +3.27633028e-02
   769 0  +8.11221979e-01  +4.16713798e-03
   770 1  +8.02470049e-01  -1.48318857e-16
   771 1  +0.00000000e+00  +4.62061579e-01
   772 0  +4.68162890e-02  +4.32150798e-01
   773 0  +1.01117251e-01  +4.20410896e-01
   774 0  +1.48015815e-01  +3.90629284e-01
   775 0  +1.99615061e-01  +3.70039540e-01
   776 0  +2.40146346e-01  +3.32044346e-01
   777 0  +2.85806217e-01  +3.00396346e-01
   778 0  +3.36721878e-01  +2.78169894e-01
   779 0  +3.84718062e-01  +2.50191579e-01
   780 0  +4.39974638e-01  +2.44435666e-01
   781 0  +4.95478794e-01  +2.42046416e-01
   782 0  +5.50247880e-01  +2.51361292e-01
   783 0  +6.03034063e-01  +2.68682916e-01
   784 0  +6.57897993e-01  +2.77421849e-01
   785 0  +7.03425353e-01  +3.09260178e-01
   786 0  +7.51535035e-01  +3.37042876e-01
   787 0  +8.06941709e-01  +3.41107377e-01
   788 0  +8.61144966e-01  +3.53290425e-01
   789 0  +9.05370684e-01  +3.86913418e-01
   790 0  +9.31739219e-01  +4.35812499e-01
   791 0  +9.74451685e-01  +4.71338054e-01
   792 1  +1.00000000e+00  +5.12937032e-01
   793 1  +1.00000000e+00  +3.79556758e-01
   794 0  +9.47024463e-01  +3.96290323e-01
   795 0  +9.03830793e-01  +4.31229222e-01
   796 0  +8.80101505e-01  +4.81462086e-01
   797 0  +8.72187132e-01  +5.36451016e-01
   798 0  +8.76242689e-01  +5.91858346e-01
   799 0  +8.94652146e-01  +6.44275058e-01
   800 0  +9.11690824e-01  +6.97153250e-01
   801 0  +9.51420928e-01  +7.35985435e-01
   802 0  +9.81867439e-01  +7.82455099e-01
   803 1  +1.00000000e+00  +7.93987179e-01
   804 1  +1.00000000e+00  +2.67556488e-03
   805 0  +9.50079526e-01  +2.70551879e-02
   806 0  +9.04561034e-01  +5.89061952e-02
   807 0  +8.68426348e-01  +1.01104586e-01
   808 0  +8.17967416e-01  +1.24349284e-01
   809 0  +7.72919871e-01  +1.56862949e-01
   810 0  +7.43585149e-01  +2.04042328e-01
   811 0  +7.10417654e-01  +2.48610670e-01
   812 0  +6.94592518e-01  +3.01864635e-01
   813 0  +6.61825212e-01  +3.46728021e-01
   814 0  +6.39883595e-01  +3.97767076e-01
   815 0  +6.07931837e-01  +4.43214903e-01
   816 0  +5.94438943e-01  +4.97107032e-01
   817 0  +5.71163023e-01  +5.47551569e-01
   818 0  +5.57032902e-01  +6.01280140e-01
   819 0  +5.44913669e-01  +6.55497702e-01
   820 0  +5.29264832e-01  +7.08803739e-01
   821 0  +5.20836050e-01  +7.63716173e-01
   822 0  +5.12795432e-01  +8.18686785e-01
   823 0  +4.85153775e-01  +8.66877641e-01
   824 0  +4.79803694e-01  +9.22174986e-01
   825 0  +4.93924045e-01  +9.75906126e-01
   826 1  +4.99643404e-01  +1.00000000e+00
   827 1  +2.38007114e-01  +0.00000000e+00
   828 0  +2.46605159e-01  +5.48861857e-02
   829 0  +2.34972844e-01  +1.09210296e-01
   830 0  +2.08495044e-01  +1.58050299e-01
   831 0  +1.72238064e-01  +2.00143661e-01
   832 0  +1.35285754e-01  +2.41627954e-01
   833 0  +9.60350012e-02  +2.80944594e-01
   834 0  +4.97061406e-02  +3.11604933e-01
   835 1  -1.24900090e-16  +3.27725248e-01
   836 1  +1.00000000e+00  +2.22005018e-01
   837 0  +9.53662667e-01  +1.91357484e-01
   838 0  +9.10112260e-01  +1.56864270e-01
   839 0  +8.87107845e-01  +1.06295341e-01
   840 0  +8.54462311e-01  +6.13432674e-02
   841 0  +8.25599468e-01  +1.38737401e-02
   842 1  +8.23134765e-01  -1.92554306e-16
   843 1  +6.11924914e-01  +1.00000000e+00
   844 0  +6.48785718e-01  +9.58434379e-01
   845 0  +6.90892389e-01  +9.22192855e-01
   846 0  +7.15790762e-01  +8.72529078e-01
   847 0  +7.48057223e-01  +8.27304138e-01
   848 0  +7.94970911e-01  +7.97546355e-01
   849 0  +8.45562411e-01  +7.74591619e-01
   850 0  +9.00507670e-01  +7.66379540e-01
   851 0  +9.55744279e-01  +7.72324010e-01
   852 1  +1.00000000e+00  +7.72573375e-01
   853 1  +1.00000000e+00  +6.15360883e-01
   854 0  +9.86344324e-01  +6.69211995e-01
   855 0  +9.95700026e-01  +7.23974123e-01
   856 1  +1.00000000e+00  +7.32203274e-01
   857 1  +6.78291966e-01  +0.00000000e+00
   858 0  +7.18201002e-01  +3.86482675e-02
   859 0  +7.71221393e-01  +5.52391654e-02
   860 0  +8.23270880e-01  +7.46626218e-02
   861 0  +8.70190411e-01  +1.04411192e-01
   862 0  +9.25169176e-01  +1.12395873e-01
   863 0  +9.80667641e-01  +1.14913838e-01
   864 1  +1.00000000e+00  +1.24277064e-01
   865 1  +8.07103913e-02  +0.00000000e+00
   866 0  +2.67954737e-02  +1.34015453e-02
   867 1  -6.17561557e-16  +3.45628286e-02
   868 1  +1.00000000e+00  +9.10145215e-01
   869 0  +9.93775803e-01  +8.54939426e-01
   870 0  +9.68580272e-01  +8.05425741e-01
   871 0  +9.48880103e-01  +7.53480355e-01
   872 0  +9.37206125e-01  +6.99165183e-01
   873 0  +9.20104855e-01  +6.46307200e-01
   874 0  +8.86842710e-01  +6.01809453e-01
   875 0  +8.38231516e-01  +5.74913885e-01
   876 0  +7.88531467e-01  +5.50087993e-01
   877 0  +7.34018988e-01  +5.39373081e-01
   878 0  +6.78806980e-01  +5.45541865e-01
   879 0  +6.23872153e-01  +5.53823446e-01
   880 0  +5.68317429e-01  +5.53519476e-01
   881 0  +5.17117566e-01  +5.75083192e-01
   882 0  +4.70996854e-01  +6.06055755e-01
   883 0  +4.18944961e-01  +6.25472762e-01
   884 0  +3.79274772e-01  +6.64366153e-01
   885 0  +3.41966536e-01  +7.05530643e-01
   886 0  +3.17569204e-01  +7.55442465e-01
   887 0  +3.10851744e-01  +8.10590407e-01
   888 0  +2.89838957e-01  +8.62018828e-01
   889 0  +2.48025976e-01  +8.98598801e-01
   890 0  +2.16882709e-01  +9.44604417e-01
   891 0  +1.95498963e-01  +9.95879704e-01
   892 1  +1.91670668e-01  +1.00000000e+00
   893 1  +1.64213011e-01  +0.00000000e+00
   894 0  +1.22067159e-01  +3.61959516e-02
   895 0  +9.70053247e-02  +8.57774420e-02
   896 0  +7.93996300e-02  +1.38469560e-01
   897 0  +6.41968908e-02  +1.91904534e-01
   898 0  +3.19557362e-02  +2.37147519e-01
   899 1  +2.08166817e-16  +2.64081160e-01
   900 1  +0.00000000e+00  +9.92611193e-01
   901 1  +1.89457238e-02  +1.00000000e+00
   902 1  +0.00000000e+00  +8.97562296e-01
   903 0  +2.64459875e-02  +9.46419532e-01
   904 1  +3.57365117e-02  +1.00000000e+00
   905 1  +3.09674281e-01  +0.00000000e+00
   906 0  +3.43779103e-01  +4.38552256e-02
   907 0  +3.93682230e-01  +6.82703386e-02
   908 0  +4.49160573e-01  +7.11983428e-02
   909 0  +5.02509286e-01  +8.67010690e-02
   910 0  +5.56474533e-01  +9.98984877e-02
   911 0  +6.11144930e-01  +9.00208644e-02
   912 0  +6.66574249e-01  +8.62778170e-02
   913 0  +7.22126798e-01  +8.68558068e-02
   914 0  +7.73908827e-01  +6.67301724e-02
   915 0  +8.21335486e-01  +3.77969424e-02
   916 0  +8.76092378e-01  +2.84106479e-02
   917 0  +9.24657087e-01  +1.43123320e-03
   918 1  +9.26886289e-01  -6.41847686e-17
   919 1  +9.16088818e-02  +1.00000000e+00
   920 0  +1.20089578e-01  +9.52300213e-01
   921 0  +1.41450271e-01  +9.01015317e-01
   922 0  +1.65636225e-01  +8.51000725e-01
   923 0  +2.06022385e-01  +8.12851311e-01
   924 0  +2.55986387e-01  +7.88561018e-01
   925 0  +3.03062510e-01  +7.59060877e-01
   926 0  +3.34826749e-01  +7.13481793e-01
   927 0  +3.66750433e-01  +6.68014242e-01
   928 0  +4.06327527e-01  +6.29026124e-01
   929 0  +4.46070870e-01  +5.90207488e-01
   930 0  +4.98985611e-01  +5.73282658e-01
   931 0  +5.49405288e-01  +5.49952935e-01
   932 0  +6.04921526e-01  +5.52042672e-01
   933 0  +6.60401691e-01  +5.54935957e-01
   934 0  +7.15535150e-01  +5.61771268e-01
   935 0  +7.65187328e-01  +5.86692764e-01
   936 0  +8.10976518e-01  +6.18153371e-01
   937 0  +8.57709239e-01  +6.48194552e-01
   938 0  +9.09292245e-01  +6.68824947e-01
   939 0  +9.64501827e-01  +6.75015413e-01
   940 1  +1.00000000e+00  +6.79300089e-01
   941 1  +0.00000000e+00  +2.65614838e-01
   942 0  +5.45481042e-02  +2.55082788e-01
   943 0  +1.10100429e-01  +2.54483613e-01
   944 0  +1.63327204e-01  +2.70399962e-01
   945 0  +2.18831171e-01  +2.72793578e-01
   946 0  +2.74004511e-01  +2.66288018e-01
   947 0  +3.29506307e-01  +2.68731461e-01
   948 0  +3.79341352e-01  +2.93285240e-01
   949 0  +4.34893290e-01  +2.92651278e-01
   950 0  +4.89703464e-01  +2.83581297e-01
   951 0  +5.44745816e-01  +2.91115171e-01
   952 0  +5.96863826e-01  +3.10354006e-01
   953 0  +6.51992074e-01  +3.03476801e-01
   954 0  +7.06010813e-01  +2.90500068e-01
   955 0  +7.50123056e-01  +2.56728337e-01
   956 0  +7.85458695e-01  +2.13858623e-01
   957 0  +8.23142882e-01  +1.73038018e-01
   958 0  +8.67962253e-01  +1.40210533e-01
   959 0  +8.97562311e-01  +9.31971704e-02
   960 0  +9.26988858e-01  +4.60750090e-02
   961 0  +9.63771797e-01  +4.44046682e-03
   962 1  +9.72719001e-01  -2.44596010e-16
   963 1  +0.00000000e+00  +1.97548388e-01
   964 0  +3.30086657e-02  +1.52862285e-01
   965 0  +7.22712382e-02  +1.13557449e-01
   966 0  +9.08178931e-02  +6.11891251e-02
   967 0  +8.50352378e-02  +5.93534105e-03
   968 1  +8.53671454e-02  -2.08166817e-17
   969 1  +0.00000000e+00  +3.77887159e-01
   970 0  +3.60427542e-03  +3.22448644e-01
   971 0  +3.26624874e-03  +2.66894117e-01
   972 1  -1.57426155e-16  +2.56739846e-01
   973 1  +9.46052810e-01  +0.00000000e+00
   974 0  +8.91420294e-01  +1.00850376e-02
   975 0  +8.36463152e-01  +1.95286082e-03
   976 1  +8.23580731e-01  -1.70219741e-16
   977 1  +1.00000000e+00  +4.80337017e-01
   978 0  +9.46072471e-01  +4.93687723e-01
   979 0  +8.96239936e-01  +5.18246596e-01
   980 0  +8.50187748e-01  +5.49320954e-01
   981 0  +8.15666885e-01  +5.92849447e-01
   982 0  +7.88291525e-01  +6.41192073e-01
   983 0  +7.60456944e-01  +6.89271755e-01
   984 0  +7.17254999e-01  +7.24200421e-01
   985 0  +6.83488829e-01  +7.68316920e-01
   986 0  +6.36406372e-01  +7.97806953e-01
   987 0  +5.89968730e-01  +8.28302282e-01
   988 0  +5.39992039e-01  +8.52566455e-01
   989 0  +4.98419002e-01  +8.89418896e-01
   990 0  +4.49431834e-01  +9.15623421e-01
   991 0  +3.94133562e-01  +9.20963906e-01
   992 0  +3.38657363e-01  +9.17995558e-01
   993 0  +2.83392736e-01  +9.12317459e-01
   994 0  +2.30164594e-01  +9.28229235e-01
   995 0  +1.83040359e-01  +9.57652461e-01
   996 1  +1.56428306e-01  +1.00000000e+00
   997 1  +1.00000000e+00  +7.13453273e-01
   998 0  +9.99540519e-01  +7.69006928e-01
   999 0  +9.79659437e-01  +8.20883342e-01
  1000 0  +9.53136557e-01  +8.69698879e-01
  1001 0  +9.09794609e-01  +9.04453667e-01
  1002 0  +8.69995559e-01  +9.43215185e-01
  1003 0  +8.45933148e-01  +9.93289332e-01
  1004 1  +8.44574232e-01  +1.00000000e+00
  1005 1  +0.00000000e+00  +9.20475611e-01
  1006 0  +3.80898837e-02  +9.60917922e-01
  1007 1  +6.32743615e-02  +1.00000000e+00
  1008 1  +0.00000000e+00  +9.04389720e-01
  1009 0  +5.34537082e-02  +8.89252983e-01
  1010 0  +1.09009023e-01  +8.89416491e-01
  1011 0  +1.62268806e-01  +9.05222036e-01
  1012 0  +2.15434051e-01  +9.21342721e-01
  1013 0  +2.69297594e-01  +9.34949282e-01
  1014 0  +3.16976952e-01  +9.63464166e-01
  1015 0  +3.71178416e-01  +9.75655189e-01
  1016 1  +4.13059771e-01  +1.00000000e+00
  1017 1  +0.00000000e+00  +5.07996319e-02
  1018 0  +5.40966495e-02  +6.34476462e-02
  1019 0  +1.09439500e-01  +5.85908310e-02
  1020 0  +1.62884056e-01  +7.37598518e-02
  1021 0  +2.17344420e-01  +6.27831247e-02
  1022 0  +2.72549256e-01  +5.65504831e-02
  1023 0  +3.26176176e-01  +4.20393416e-02
  1024 0  +3.79222702e-01  +2.55321990e-02
  1025 0  +4.34381800e-01  +1.89069707e-02
  1026 0  +4.89748308e-01  +2.34862259e-02
  1027 0  +5.45045964e-01  +2.88330993e-02
  1028 0  +5.98309400e-01  +1.30398707e-02
  1029 0  +6.53836955e-01  +1.48035208e-02
  1030 0  +7.09014657e-01  +8.33506967e-03
  1031 0  +7.63965895e-01  +1.65070511e-02
  1032 0  +8.19195872e-01  +1.05012748e-02
  1033 1  +8.45221566e-01  -1.63064007e-16
  1034 1  +1.00000000e+00  +7.70837624e-01
  1035 0  +9.87744879e-01  +8.25024632e-01
  1036 0  +9.62773091e-01  +8.74651535e-01
  1037 0  +9.58059630e-01  +9.30006779e-01
  1038 0  +9.46969692e-01  +9.84444202e-01
  1039 1  +9.34410775e-01  +1.00000000e+00
  1040 1  +5.27671321e-01  +1.00000000e+00
  1041 0  +4.73540637e-01  +9.87498449e-01
  1042 1  +4.23669677e-01  +1.00000000e+00
  1043 1  +0.00000000e+00  +7.39082438e-01
  1044 0  +2.74898434e-02  +6.90804821e-01
  1045 0  +2.97420917e-02  +6.35294938e-01
  1046 0  +1.73799054e-02  +5.81132256e-01
  1047 0  +3.15268648e-02  +5.27408116e-01
  1048 0  +6.77456105e-02  +4.85281851e-01
  1049 0  +9.07465188e-02  +4.34711326e-01
  1050 0  +9.46108290e-02  +3.79290329e-01
  1051 0  +1.18911258e-01  +3.29331257e-01
  1052 0  +1.43371269e-01  +2.79450122e-01
  1053 0  +1.68770365e-01  +2.30040551e-01
  1054 0  +1.87062350e-01  +1.77582730e-01
  1055 0  +2.04682830e-01  +1.24895555e-01
  1056 0  +2.32769356e-01  +7.69626139e-02
  1057 0  +2.39524807e-01  +2.18193130e-02
  1058 1  +2.43782358e-01  -6.59194921e-17
  1059 1  +0.00000000e+00  +5.08460512e-01
  1060 0  +5.30279000e-02  +5.25027394e-01
  1061 0  +1.08539408e-01  +5.27239237e-01
  1062 0  +1.59790553e-01  +5.48680782e-01
  1063 0  +2.01896923e-01  +5.84922655e-01
  1064 0  +2.35103752e-01  +6.29461697e-01
  1065 0  +2.79456809e-01  +6.62916533e-01
  1066 0  +3.08685956e-01  +7.10161393e-01
  1067 0  +3.21799479e-01  +7.64147088e-01
  1068 0  +3.14168521e-01  +8.19176064e-01
  1069 0  +3.26694317e-01  +8.73301143e-01
  1070 0  +3.45726396e-01  +9.25495010e-01
  1071 0  +3.66316774e-01  +9.77094003e-01
  1072 1  +3.77395289e-01  +1.00000000e+00
  1073 1  +1.00000000e+00  +5.85390905e-01
  1074 0  +9.98304932e-01  +6.40920596e-01
  1075 0  +9.77699103e-01  +6.92513420e-01
  1076 0  +9.82493332e-01  +7.47861728e-01
  1077 1  +1.00000000e+00  +7.78697882e-01
  1078 1  +1.00000000e+00  +3.50802062e-01
  1079 0  +9.50639446e-01  +3.25307838e-01
  1080 0  +8.95336980e-01  +3.20010953e-01
  1081 0  +8.40919847e-01  +3.31200029e-01
  1082 0  +7.97291604e-01  +3.65594740e-01
  1083 0  +7.43564657e-01  +3.79731036e-01
  1084 0  +6.90509260e-01  +3.96209647e-01
  1085 0  +6.35041912e-01  +3.99339030e-01
  1086 0  +5.79497460e-01  +4.00449709e-01
  1087 0  +5.30328305e-01  +4.26311147e-01
  1088 0  +4.86695757e-01  +4.60700397e-01
  1089 0  +4.57662284e-01  +5.08065756e-01
  1090 0  +4.15423706e-01  +5.44153458e-01
  1091 0  +3.78011091e-01  +5.85223106e-01
  1092 0  +3.32702301e-01  +6.17371719e-01
  1093 0  +2.95087934e-01  +6.58256670e-01
  1094 0  +2.79751227e-01  +7.11653347e-01
  1095 0  +2.70255835e-01  +7.66391426e-01
  1096 0  +2.38856412e-01  +8.12222595e-01
  1097 0  +2.00950464e-01  +8.52837356e-01
  1098 0  +1.53255712e-01  +8.81326483e-01
  1099 0  +1.06288244e-01  +9.10999312e-01
  1100 0  +6.69618753e-02  +9.50240317e-01
  1101 0  +3.02723390e-02  +9.91957192e-01
  1102 1  +2.83210283e-02  +1.00000000e+00
  1103 1  +3.70694963e-01  +0.00000000e+00
  1104 0  +4.10858882e-01  +3.83833209e-02
  1105 0  +4.48027962e-01  +7.96735046e-02
  1106 0  +4.90963124e-01  +1.14929591e-01
  1107 0  +5.20994883e-01  +1.61668367e-01
  1108 0  +5.29040361e-01  +2.16638268e-01
  1109 0  +5.45317755e-01  +2.69755743e-01
  1110 0  +5.80848284e-01  +3.12464072e-01
  1111 0  +6.28873616e-01  +3.40392323e-01
  1112 0  +6.83724932e-01  +3.49210079e-01
  1113 0  +7.33430881e-01  +3.74024156e-01
  1114 0  +7.88816262e-01  +3.78369189e-01
  1115 0  +8.42689969e-01  +3.91935450e-01
  1116 0  +8.94804144e-01  +4.11184671e-01
  1117 0  +9.48019458e-01  +4.27139297e-01
  1118 0  +9.94674520e-01  +4.57300944e-01
  1119 1  +1.00000000e+00  +4.64928379e-01
  1120 1  +6.69413086e-01  +0.00000000e+00
  1121 0  +6.80727015e-01  +5.43913115e-02
  1122 0  +6.67128956e-01  +1.08257001e-01
  1123 0  +6.37417188e-01  +1.55199846e-01
  1124 0  +6.11450774e-01  +2.04313643e-01
  1125 0  +6.04984135e-01  +2.59491558e-01
  1126 0  +6.20988395e-01  +3.12691966e-01
  1127 0  +6.47889677e-01  +3.61299999e-01
  1128 0  +6.93017624e-01  +3.93701976e-01
  1129 0  +7.47115860e-01  +4.06343202e-01
  1130 0  +8.02111133e-01  +3.98473021e-01
  1131 0  +8.47363213e-01  +3.66244633e-01
  1132 0  +8.99179590e-01  +3.46207597e-01
  1133 0  +9.51853370e-01  +3.28547115e-01
  1134 1  +1.00000000e+00  +3.01965531e-01
  1135 1  +0.00000000e+00  +4.14584931e-01
  1136 0  +3.22298572e-02  +3.69333897e-01
  1137 0  +6.23962043e-02  +3.22681874e-01
  1138 0  +7.17805382e-02  +2.67924646e-01
  1139 0  +1.02743266e-01  +2.21797330e-01
  1140 0  +1.19770861e-01  +1.68915568e-01
  1141 0  +1.56432025e-01  +1.27173757e-01
  1142 0  +1.95900961e-01  +8.80761503e-02
  1143 0  +2.45631706e-01  +6.33118063e-02
  1144 0  +2.85162423e-01  +2.42766658e-02
  1145 0  +3.35965909e-01  +1.79499461e-03
  1146 1  +3.38128852e-01  -8.19656842e-17
  1147 1  +4.21437500e-01  +0.00000000e+00
  1148 0  +3.93732659e-01  +4.81545589e-02
  1149 0  +3.62023139e-01  +9.37717283e-02
  1150 0  +3.46408515e-01  +1.47087798e-01
  1151 0  +3.46461618e-01  +2.02643328e-01
  1152 0  +3.23916612e-01  +2.53418740e-01
  1153 0  +3.26101857e-01  +3.08931301e-01
  1154 0  +3.07047719e-01  +3.61117118e-01
  1155 0  +3.02447152e-01  +4.16481859e-01
  1156 0  +2.80219626e-01  +4.67397052e-01
  1157 0  +2.67814276e-01  +5.21549864e-01
  1158 0  +2.57749326e-01  +5.76186084e-01
  1159 0  +2.45965856e-01  +6.30477608e-01
  1160 0  +2.28435440e-01  +6.83194818e-01
  1161 0  +2.14476604e-01  +7.36968145e-01
  1162 0  +2.25410379e-01  +7.91437148e-01
  1163 0  +2.27639040e-01  +8.46947983e-01
  1164 0  +2.23043287e-01  +9.02313124e-01
  1165 0  +1.95887560e-01  +9.50779466e-01
  1166 1  +1.87530772e-01  +1.00000000e+00
  1167 1  +5.68999173e-01  +0.00000000e+00
  1168 0  +6.08334210e-01  +3.92323166e-02
  1169 0  +6.41275037e-01  +8.39684503e-02
  1170 0  +6.65027054e-01  +1.34190571e-01
  1171 0  +6.97461422e-01  +1.79295244e-01
  1172 0  +7.22363371e-01  +2.28957229e-01
  1173 0  +7.67098523e-01  +2.61899389e-01
  1174 0  +8.21857360e-01  +2.71274329e-01
  1175 0  +8.72021096e-01  +2.95149406e-01
  1176 0  +9.22398733e-01  +3.18569770e-01
  1177 0  +9.64221441e-01  +3.55138621e-01
  1178 0  +9.87507829e-01  +4.05578326e-01
  1179 1  +1.00000000e+00  +4.35779800e-01
  1180 1  +3.61278849e-01  +1.00000000e+00
  1181 0  +4.16814472e-01  +9.98511928e-01
  1182 0  +4.70458648e-01  +9.84064712e-01
  1183 0  +5.20892542e-01  +9.60765740e-01
  1184 0  +5.68642142e-01  +9.32368637e-01
  1185 0  +6.23302844e-01  +9.22437505e-01
  1186 0  +6.78178557e-01  +9.13772872e-01
  1187 0  +7.23092749e-01  +8.81075240e-01
  1188 0  +7.52714733e-01  +8.34075689e-01
  1189 0  +7.71042449e-01  +7.81630340e-01
  1190 0  +7.90518818e-01  +7.29600630e-01
  1191 0  +7.91795512e-01  +6.74059745e-01
  1192 0  +7.87537129e-01  +6.18667635e-01
  1193 0  +7.82668604e-01  +5.63325813e-01
  1194 0  +7.78828542e-01  +5.07903131e-01
  1195 0  +7.60870918e-01  +4.55329911e-01
  1196 0  +7.64102351e-01  +3.99868414e-01
  1197 0  +7.90630001e-01  +3.51055470e-01
  1198 0  +8.31109002e-01  +3.13004580e-01
  1199 0  +8.50101614e-01  +2.60796339e-01
  1200 0  +8.83986926e-01  +2.16771285e-01
  1201 0  +9.28393137e-01  +1.83387035e-01
  1202 0  +9.64766394e-01  +1.41394107e-01
  1203 1  +1.00000000e+00  +1.17604513e-01
  1204 1  +0.00000000e+00  +9.20827680e-01
  1205 0  +3.50584112e-02  +9.63924403e-01
  1206 0  +7.80314586e-02  +9.99134301e-01
  1207 1  +8.02071223e-02  +1.00000000e+00
  1208 1  +1.00000000e+00  +6.00024905e-01
  1209 0  +9.58730484e-01  +5.62832879e-01
  1210 0  +9.09700259e-01  +5.36709006e-01
  1211 0  +8.55226104e-01  +5.25800926e-01
  1212 0  +8.01738883e-01  +5.10783039e-01
  1213 0  +7.46207774e-01  +5.12430974e-01
  1214 0  +6.94692120e-01  +4.91632965e-01
  1215 0  +6.54883161e-01  +4.52881623e-01
  1216 0  +6.04865011e-01  +4.28703029e-01
  1217 0  +5.58295047e-01  +3.98410154e-01
  1218 0  +5.18687813e-01  +3.59452655e-01
  1219 0  +4.71791229e-01  +3.29667925e-01
  1220 0  +4.17890067e-01  +3.16211161e-01
  1221 0  +3.62909147e-01  +3.24180997e-01
  1222 0  +3.07402882e-01  +3.21841292e-01
  1223 0  +2.55891571e-01  +3.01032528e-01
  1224 0  +2.05495724e-01  +2.77651374e-01
  1225 0  +1.65495363e-01  +2.39097635e-01
  1226 0  +1.24308158e-01  +2.01814476e-01
  1227 0  +9.12616105e-02  +1.57156381e-01
  1228 0  +7.67552252e-02  +1.03528175e-01
  1229 0  +6.54061652e-02  +4.91441826e-02
  1230 1  +7.11079583e-02  -1.38777878e-17
  1231 1  +0.00000000e+00  +4.47879815e-01
  1232 0  +5.37905817e-02  +4.33987621e-01
  1233 0  +9.62022500e-02  +3.98103500e-01
  1234 0  +1.22756195e-01  +3.49304854e-01
  1235 0  +1.50909004e-01  +3.01410814e-01
  1236 0  +1.56968197e-01  +2.46186672e-01
  1237 0  +1.87720891e-01  +1.99919064e-01
  1238 0  +2.18790040e-01  +1.53863361e-01
  1239 0  +2.57517317e-01  +1.14030990e-01
  1240 0  +2.87660723e-01  +6.73641403e-02
  1241 0  +3.34587963e-01  +3.76277334e-02
  1242 0  +3.77021819e-01  +1.76985308e-03
  1243 1  +3.81212831e-01  -1.03216047e-16
  1244 1  +1.00000000e+00  +2.12847285e-02
  1245 1  +9.76198107e-01  -2.67147415e-16
  1246 1  +1.00000000e+00  +2.05836617e-02
  1247 0  +9.45965392e-01  +3.34941569e-02
  1248 0  +8.92876255e-01  +4.98637398e-02
  1249 0  +8.37328834e-01  +4.89130255e-02
  1250 0  +7.82218924e-01  +5.59356660e-02
  1251 0  +7.28681536e-01  +7.07737208e-02
  1252 0  +6.74514266e-01  +8.31157865e-02
  1253 0  +6.19326400e-01  +7.67346187e-02
  1254 0  +5.72834599e-01  +4.63219215e-02
  1255 0  +5.28874993e-01  +1.23517469e-02
  1256 1  +5.10498049e-01  -1.17961196e-16
  1257 1  +0.00000000e+00  +8.16210867e-01
  1258 0  +5.53551124e-02  +8.20925872e-01
  1259 0  +1.08593239e-01  +8.05047534e-01
  1260 0  +1.57178164e-01  +7.78104542e-01
  1261 0  +2.00295819e-01  +7.43071877e-01
  1262 0  +2.28439430e-01  +6.95172432e-01
  1263 0  +2.75182495e-01  +6.65147349e-01
  1264 0  +3.28739311e-01  +6.50379572e-01
  1265 0  +3.79176415e-01  +6.27087550e-01
  1266 0  +4.32844735e-01  +6.12730281e-01
  1267 0  +4.75887808e-01  +5.77606021e-01
  1268 0  +5.29069506e-01  +5.61539697e-01
  1269 0  +5.71422317e-01  +5.25586127e-01
  1270 0  +6.11366808e-01  +4.86974505e-01
  1271 0  +6.57239736e-01  +4.55636123e-01
  1272 0  +7.11400150e-01  +4.43264004e-01
  1273 0  +7.54600919e-01  +4.08333883e-01
  1274 0  +7.86251695e-01  +3.62675936e-01
  1275 0  +8.24839114e-01  +3.22708064e-01
  1276 0  +8.52401185e-01  +2.74471646e-01
  1277 0  +8.88444455e-01  +2.32195146e-01
  1278 0  +9.39361436e-01  +2.09971715e-01
  1279 0  +9.87996871e-01  +1.83120008e-01
  1280 1  +1.00000000e+00  +1.80365669e-01
  1281 1  +1.77162795e-01  +1.00000000e+00
  1282 0  +2.30316365e-01  +9.83840861e-01
  1283 0  +2.85665659e-01  +9.79058038e-01
  1284 0  +3.39746509e-01  +9.91773437e-01
  1285 0  +3.94705180e-01  +9.99895275e-01
  1286 1  +3.94953983e-01  +1.00000000e+00
  1287 1  +1.00000000e+00  +3.16985740e-01
  1288 0  +9.45179042e-01  +3.25990310e-01
  1289 0  +8.90727609e-01  +3.14969367e-01
  1290 0  +8.36130002e-01  +3.25241712e-01
  1291 0  +7.83089609e-01  +3.41768552e-01
  1292 0  +7.39122413e-01  +3.75728903e-01
  1293 0  +7.06005263e-01  +4.20334666e-01
  1294 0  +6.76892093e-01  +4.67651081e-01
  1295 0  +6.65732173e-01  +5.22074201e-01
  1296 0  +6.60741775e-01  +5.77405166e-01
  1297 0  +6.36044669e-01  +6.27169336e-01
  1298 0  +5.98025547e-01  +6.67678177e-01
  1299 0  +5.78527555e-01  +7.19699788e-01
  1300 0  +5.38477475e-01  +7.58201877e-01
  1301 0  +5.11973605e-01  +8.07027737e-01
  1302 0  +4.65917424e-01  +8.38096177e-01
  1303 0  +4.13421697e-01  +8.56279092e-01
  1304 0  +3.58083733e-01  +8.51366914e-01
  1305 0  +3.05589459e-01  +8.69554024e-01
  1306 0  +2.64111700e-01  +9.06513668e-01
  1307 0  +2.26869232e-01  +9.47737669e-01
  1308 0  +1.88855763e-01  +9.88251814e-01
  1309 1  +1.76893124e-01  +1.00000000e+00
*Segmentos 
1210
     0     0     1
     1     1     2
     2     2     3
     3     3     4
     4     4     5
     5     5     6
     6     6     7
     7     7     8
     8     8     9
     9     9    10
    10    10    11
    11    11    12
    12    12    13
    13    13    14
    14    14    15
    15    15    16
    16    16    17
    17    17    18
    18    18    19
    19    19    20
    20    20    21
    21    21    22
    22    22    23
    23    23    24
    24    24    25
    25    26    27
    26    27    28
    27    28    29
    28    29    30
    29    30    31
    30    31    32
    31    32    33
    32    33    34
    33    34    35
    34    35    36
    35    37    38
    36    38    39
    37    39    40
    38    40    41
    39    41    42
    40    42    43
    41    43    44
    42    44    45
    43    45    46
    44    46    47
    45    47    48
    46    48    49
    47    49    50
    48    51    52
    49    52    53
    50    53    54
    51    54    55
    52    55    56
    53    56    57
    54    58    59
    55    59    60
    56    60    61
    57    61    62
    58    62    63
    59    63    64
    60    64    65
    61    65    66
    62    66    67
    63    67    68
    64    68    69
    65    69    70
    66    70    71
    67    71    72
    68    72    73
    69    73    74
    70    74    75
    71    75    76
    72    77    78
    73    79    80
    74    80    81
    75    81    82
    76    82    83
    77    83    84
    78    84    85
    79    85    86
    80    86    87
    81    87    88
    82    88    89
    83    89    90
    84    90    91
    85    91    92
    86    92    93
    87    93    94
    88    94    95
    89    95    96
    90    96    97
    91    97    98
    92    98    99
    93   100   101
    94   101   102
    95   102   103
    96   103   104
    97   104   105
    98   105   106
    99   106   107
   100   107   108
   101   108   109
   102   109   110
   103   110   111
   104   111   112
   105   112   113
   106   113   114
   107   114   115
   108   115   116
   109   116   117
   110   117   118
   111   118   119
   112   119   120
   113   121   122
   114   122   123
   115   124   125
   116   125   126
   117   126   127
   118   127   128
   119   128   129
   120   129   130
   121   130   131
   122   131   132
   123   132   133
   124   133   134
   125   134   135
   126   135   136
   127   136   137
   128   137   138
   129   138   139
   130   139   140
   131   140   141
   132   141   142
   133   142   143
   134   143   144
   135   144   145
   136   145   146
   137   147   148
   138   148   149
   139   149   150
   140   150   151
   141   151   152
   142   152   153
   143   153   154
   144   154   155
   145   155   156
   146   156   157
   147   157   158
   148   158   159
   149   159   160
   150   160   161
   151   161   162
   152   162   163
   153   163   164
   154   164   165
   155   165   166
   156   166   167
   157   167   168
   158   168   169
   159   169   170
   160   170   171
   161   171   172
   162   172   173
   163   173   174
   164   174   175
   165   175   176
   166   177   178
   167   178   179
   168   179   180
   169   180   181
   170   181   182
   171   182   183
   172   183   184
   173   184   185
   174   185   186
   175   187   188
   176   188   189
   177   189   190
   178   190   191
   179   191   192
   180   192   193
   181   193   194
   182   194   195
   183   195   196
   184   196   197
   185   197   198
   186   198   199
   187   199   200
   188   200   201
   189   201   202
   190   202   203
   191   203   204
   192   204   205
   193   205   206
   194   206   207
   195   207   208
   196   208   209
   197   209   210
   198   210   211
   199   211   212
   200   212   213
   201   213   214
   202   215   216
   203   216   217
   204   217   218
   205   219   220
   206   220   221
   207   221   222
   208   222   223
   209   223   224
   210   224   225
   211   225   226
   212   227   228
   213   228   229
   214   229   230
   215   230   231
   216   231   232
   217   232   233
   218   234   235
   219   236   237
   220   237   238
   221   238   239
   222   239   240
   223   240   241
   224   242   243
   225   243   244
   226   244   245
   227   245   246
   228   246   247
   229   247   248
   230   248   249
   231   249   250
   232   250   251
   233   252   253
   234   253   254
   235   254   255
   236   255   256
   237   256   257
   238   257   258
   239   258   259
   240   259   260
   241   260   261
   242   261   262
   243   262   263
   244   263   264
   245   264   265
   246   265   266
   247   266   267
   248   267   268
   249   268   269
   250   269   270
   251   270   271
   252   271   272
   253   272   273
   254   273   274
   255   274   275
   256   275   276
   257   277   278
   258   278   279
   259   279   280
   260   280   281
   261   281   282
   262   282   283
   263   283   284
   264   284   285
   265   285   286
   266   286   287
   267   287   288
   268   288   289
   269   289   290
   270   290   291
   271   291   292
   272   292   293
   273   293   294
   274   294   295
   275   295   296
   276   296   297
   277   297   298
   278   298   299
   279   300   301
   280   301   302
   281   302   303
   282   303   304
   283   304   305
   284   305   306
   285   306   307
   286   307   308
   287   308   309
   288   309   310
   289   310   311
   290   311   312
   291   312   313
   292   313   314
   293   314   315
   294   315   316
   295   316   317
   296   317   318
   297   318   319
   298   319   320
   299   321   322
   300   322   323
   301   323   324
   302   324   325
   303   325   326
   304   326   327
   305   327   328
   306   328   329
   307   329   330
   308   330   331
   309   331   332
   310   332   333
   311   333   334
   312   334   335
   313   335   336
   314   336   337
   315   338   339
   316   339   340
   317   340   341
   318   341   342
   319   342   343
   320   343   344
   321   344   345
   322   345   346
   323   346   347
   324   347   348
   325   348   349
   326   349   350
   327   350   351
   328   351   352
   329   352   353
   330   353   354
   331   354   355
   332   355   356
   333   356   357
   334   357   358
   335   358   359
   336   360   361
   337   361   362
   338   362   363
   339   363   364
   340   364   365
   341   365   366
   342   366   367
   343   367   368
   344   368   369
   345   369   370
   346   370   371
   347   371   372
   348   372   373
   349   373   374
   350   375   376
   351   376   377
   352   377   378
   353   378   379
   354   379   380
   355   380   381
   356   382   383
   357   383   384
   358   384   385
   359   385   386
   360   386   387
   361   387   388
   362   388   389
   363   389   390
   364   390   391
   365   391   392
   366   392   393
   367   393   394
   368   394   395
   369   395   396
   370   396   397
   371   397   398
   372   399   400
   373   400   401
   374   401   402
   375   402   403
   376   403   404
   377   404   405
   378   405   406
   379   406   407
   380   407   408
   381   408   409
   382   409   410
   383   410   411
   384   411   412
   385   412   413
   386   413   414
   387   414   415
   388   415   416
   389   416   417
   390   417   418
   391   419   420
   392   420   421
   393   421   422
   394   422   423
   395   423   424
   396   424   425
   397   425   426
   398   426   427
   399   427   428
   400   428   429
   401   429   430
   402   430   431
   403   431   432
   404   433   434
   405   434   435
   406   435   436
   407   436   437
   408   437   438
   409   438   439
   410   439   440
   411   440   441
   412   441   442
   413   442   443
   414   443   444
   415   444   445
   416   445   446
   417   446   447
   418   447   448
   419   448   449
   420   449   450
   421   450   451
   422   451   452
   423   453   454
   424   454   455
   425   455   456
   426   456   457
   427   457   458
   428   458   459
   429   459   460
   430   461   462
   431   462   463
   432   464   465
   433   465   466
   434   466   467
   435   467   468
   436   468   469
   437   469   470
   438   470   471
   439   471   472
   440   472   473
   441   474   475
   442   475   476
   443   477   478
   444   478   479
   445   479   480
   446   480   481
   447   481   482
   448   482   483
   449   483   484
   450   484   485
   451   485   486
   452   486   487
   453   487   488
   454   488   489
   455   489   490
   456   490   491
   457   491   492
   458   492   493
   459   493   494
   460   494   495
   461   496   497
   462   497   498
   463   498   499
   464   499   500
   465   500   501
   466   501   502
   467   502   503
   468   503   504
   469   504   505
   470   505   506
   471   506   507
   472   507   508
   473   508   509
   474   509   510
   475   510   511
   476   511   512
   477   512   513
   478   513   514
   479   514   515
   480   515   516
   481   517   518
   482   518   519
   483   519   520
   484   520   521
   485   521   522
   486   522   523
   487   523   524
   488   524   525
   489   525   526
   490   526   527
   491   527   528
   492   528   529
   493   529   530
   494   530   531
   495   531   532
   496   532   533
   497   533   534
   498   534   535
   499   536   537
   500   537   538
   501   538   539
   502   539   540
   503   540   541
   504   542   543
   505   543   544
   506   544   545
   507   545   546
   508   546   547
   509   547   548
   510   548   549
   511   549   550
   512   550   551
   513   551   552
   514   552   553
   515   553   554
   516   554   555
   517   555   556
   518   556   557
   519   557   558
   520   558   559
   521   559   560
   522   560   561
   523   561   562
   524   563   564
   525   564   565
   526   565   566
   527   566   567
   528   568   569
   529   569   570
   530   570   571
   531   571   572
   532   572   573
   533   573   574
   534   574   575
   535   575   576
   536   576   577
   537   577   578
   538   578   579
   539   580   581
   540   581   582
   541   582   583
   542   584   585
   543   585   586
   544   586   587
   545   587   588
   546   588   589
   547   589   590
   548   590   591
   549   591   592
   550   592   593
   551   593   594
   552   594   595
   553   595   596
   554   596   597
   555   597   598
   556   598   599
   557   599   600
   558   600   601
   559   601   602
   560   603   604
   561   604   605
   562   605   606
   563   606   607
   564   607   608
   565   608   609
   566   609   610
   567   610   611
   568   611   612
   569   612   613
   570   613   614
   571   614   615
   572   615   616
   573   616   617
   574   617   618
   575   618   619
   576   619   620
   577   620   621
   578   621   622
   579   622   623
   580   623   624
   581   624   625
   582   625   626
   583   626   627
   584   628   629
   585   629   630
   586   630   631
   587   631   632
   588   632   633
   589   633   634
   590   634   635
   591   635   636
   592   636   637
   593   637   638
   594   638   639
   595   639   640
   596   640   641
   597   641   642
   598   642   643
   599   643   644
   600   644   645
   601   645   646
   602   646   647
   603   647   648
   604   649   650
   605   650   651
   606   651   652
   607   652   653
   608   653   654
   609   654   655
   610   655   656
   611   656   657
   612   657   658
   613   658   659
   614   659   660
   615   660   661
   616   662   663
   617   663   664
   618   664   665
   619   665   666
   620   666   667
   621   667   668
   622   668   669
   623   669   670
   624   670   671
   625   671   672
   626   673   674
   627   674   675
   628   675   676
   629   676   677
   630   677   678
   631   678   679
   632   679   680
   633   680   681
   634   681   682
   635   682   683
   636   684   685
   637   685   686
   638   687   688
   639   688   689
   640   689   690
   641   690   691
   642   691   692
   643   692   693
   644   693   694
   645   694   695
   646   695   696
   647   696   697
   648   697   698
   649   698   699
   650   699   700
   651   700   701
   652   701   702
   653   702   703
   654   703   704
   655   704   705
   656   705   706
   657   706   707
   658   707   708
   659   708   709
   660   709   710
   661   710   711
   662   712   713
   663   713   714
   664   714   715
   665   715   716
   666   716   717
   667   717   718
   668   718   719
   669   719   720
   670   721   722
   671   722   723
   672   723   724
   673   724   725
   674   725   726
   675   726   727
   676   728   729
   677   729   730
   678   730   731
   679   731   732
   680   732   733
   681   733   734
   682   734   735
   683   735   736
   684   736   737
   685   737   738
   686   738   739
   687   739   740
   688   740   741
   689   741   742
   690   742   743
   691   743   744
   692   744   745
   693   745   746
   694   746   747
   695   747   748
   696   748   749
   697   749   750
   698   750   751
   699   751   752
   700   753   754
   701   754   755
   702   755   756
   703   756   757
   704   757   758
   705   758   759
   706   759   760
   707   760   761
   708   762   763
   709   763   764
   710   765   766
   711   766   767
   712   767   768
   713   768   769
   714   769   770
   715   771   772
   716   772   773
   717   773   774
   718   774   775
   719   775   776
   720   776   777
   721   777   778
   722   778   779
   723   779   780
   724   780   781
   725   781   782
   726   782   783
   727   783   784
   728   784   785
   729   785   786
   730   786   787
   731   787   788
   732   788   789
   733   789   790
   734   790   791
   735   791   792
   736   793   794
   737   794   795
   738   795   796
   739   796   797
   740   797   798
   741   798   799
   742   799   800
   743   800   801
   744   801   802
   745   802   803
   746   804   805
   747   805   806
   748   806   807
   749   807   808
   750   808   809
   751   809   810
   752   810   811
   753   811   812
   754   812   813
   755   813   814
   756   814   815
   757   815   816
   758   816   817
   759   817   818
   760   818   819
   761   819   820
   762   820   821
   763   821   822
   764   822   823
   765   823   824
   766   824   825
   767   825   826
   768   827   828
   769   828   829
   770   829   830
   771   830   831
   772   831   832
   773   832   833
   774   833   834
   775   834   835
   776   836   837
   777   837   838
   778   838   839
   779   839   840
   780   840   841
   781   841   842
   782   843   844
   783   844   845
   784   845   846
   785   846   847
   786   847   848
   787   848   849
   788   849   850
   789   850   851
   790   851   852
   791   853   854
   792   854   855
   793   855   856
   794   857   858
   795   858   859
   796   859   860
   797   860   861
   798   861   862
   799   862   863
   800   863   864
   801   865   866
   802   866   867
   803   868   869
   804   869   870
   805   870   871
   806   871   872
   807   872   873
   808   873   874
   809   874   875
   810   875   876
   811   876   877
   812   877   878
   813   878   879
   814   879   880
   815   880   881
   816   881   882
   817   882   883
   818   883   884
   819   884   885
   820   885   886
   821   886   887
   822   887   888
   823   888   889
   824   889   890
   825   890   891
   826   891   892
   827   893   894
   828   894   895
   829   895   896
   830   896   897
   831   897   898
   832   898   899
   833   900   901
   834   902   903
   835   903   904
   836   905   906
   837   906   907
   838   907   908
   839   908   909
   840   909   910
   841   910   911
   842   911   912
   843   912   913
   844   913   914
   845   914   915
   846   915   916
   847   916   917
   848   917   918
   849   919   920
   850   920   921
   851   921   922
   852   922   923
   853   923   924
   854   924   925
   855   925   926
   856   926   927
   857   927   928
   858   928   929
   859   929   930
   860   930   931
   861   931   932
   862   932   933
   863   933   934
   864   934   935
   865   935   936
   866   936   937
   867   937   938
   868   938   939
   869   939   940
   870   941   942
   871   942   943
   872   943   944
   873   944   945
   874   945   946
   875   946   947
   876   947   948
   877   948   949
   878   949   950
   879   950   951
   880   951   952
   881   952   953
   882   953   954
   883   954   955
   884   955   956
   885   956   957
   886   957   958
   887   958   959
   888   959   960
   889   960   961
   890   961   962
   891   963   964
   892   964   965
   893   965   966
   894   966   967
   895   967   968
   896   969   970
   897   970   971
   898   971   972
   899   973   974
   900   974   975
   901   975   976
   902   977   978
   903   978   979
   904   979   980
   905   980   981
   906   981   982
   907   982   983
   908   983   984
   909   984   985
   910   985   986
   911   986   987
   912   987   988
   913   988   989
   914   989   990
   915   990   991
   916   991   992
   917   992   993
   918   993   994
   919   994   995
   920   995   996
   921   997   998
   922   998   999
   923   999  1000
   924  1000  1001
   925  1001  1002
   926  1002  1003
   927  1003  1004
   928  1005  1006
   929  1006  1007
   930  1008  1009
   931  1009  1010
   932  1010  1011
   933  1011  1012
   934  1012  1013
   935  1013  1014
   936  1014  1015
   937  1015  1016
   938  1017  1018
   939  1018  1019
   940  1019  1020
   941  1020  1021
   942  1021  1022
   943  1022  1023
   944  1023  1024
   945  1024  1025
   946  1025  1026
   947  1026  1027
   948  1027  1028
   949  1028  1029
   950  1029  1030
   951  1030  1031
   952  1031  1032
   953  1032  1033
   954  1034  1035
   955  1035  1036
   956  1036  1037
   957  1037  1038
   958  1038  1039
   959  1040  1041
   960  1041  1042
   961  1043  1044
   962  1044  1045
   963  1045  1046
   964  1046  1047
   965  1047  1048
   966  1048  1049
   967  1049  1050
   968  1050  1051
   969  1051  1052
   970  1052  1053
   971  1053  1054
   972  1054  1055
   973  1055  1056
   974  1056  1057
   975  1057  1058
   976  1059  1060
   977  1060  1061
   978  1061  1062
   979  1062  1063
   980  1063  1064
   981  1064  1065
   982  1065  1066
   983  1066  1067
   984  1067  1068
   985  1068  1069
   986  1069  1070
   987  1070  1071
   988  1071  1072
   989  1073  1074
   990  1074  1075
   991  1075  1076
   992  1076  1077
   993  1078  1079
   994  1079  1080
   995  1080  1081
   996  1081  1082
   997  1082  1083
   998  1083  1084
   999  1084  1085
  1000  1085  1086
  1001  1086  1087
  1002  1087  1088
  1003  1088  1089
  1004  1089  1090
  1005  1090  1091
  1006  1091  1092
  1007  1092  1093
  1008  1093  1094
  1009  1094  1095
  1010  1095  1096
  1011  1096  1097
  1012  1097  1098
  1013  1098  1099
  1014  1099  1100
  1015  1100  1101
  1016  1101  1102
  1017  1103  1104
  1018  1104  1105
  1019  1105  1106
  1020  1106  1107
  1021  1107  1108
  1022  1108  1109
  1023  1109  1110
  1024  1110  1111
  1025  1111  1112
  1026  1112  1113
  1027  1113  1114
  1028  1114  1115
  1029  1115  1116
  1030  1116  1117
  1031  1117  1118
  1032  1118  1119
  1033  1120  1121
  1034  1121  1122
  1035  1122  1123
  1036  1123  1124
  1037  1124  1125
  1038  1125  1126
  1039  1126  1127
  1040  1127  1128
  1041  1128  1129
  1042  1129  1130
  1043  1130  1131
  1044  1131  1132
  1045  1132  1133
  1046  1133  1134
  1047  1135  1136
  1048  1136  1137
  1049  1137  1138
  1050  1138  1139
  1051  1139  1140
  1052  1140  1141
  1053  1141  1142
  1054  1142  1143
  1055  1143  1144
  1056  1144  1145
  1057  1145  1146
  1058  1147  1148
  1059  1148  1149
  1060  1149  1150
  1061  1150  1151
  1062  1151  1152
  1063  1152  1153
  1064  1153  1154
  1065  1154  1155
  1066  1155  1156
  1067  1156  1157
  1068  1157  1158
  1069  1158  1159
  1070  1159  1160
  1071  1160  1161
  1072  1161  1162
  1073  1162  1163
  1074  1163  1164
  1075  1164  1165
  1076  1165  1166
  1077  1167  1168
  1078  1168  1169
  1079  1169  1170
  1080  1170  1171
  1081  1171  1172
  1082  1172  1173
  1083  1173  1174
  1084  1174  1175
  1085  1175  1176
  1086  1176  1177
  1087  1177  1178
  1088  1178  1179
  1089  1180  1181
  1090  1181  1182
  1091  1182  1183
  1092  1183  1184
  1093  1184  1185
  1094  1185  1186
  1095  1186  1187
  1096  1187  1188
  1097  1188  1189
  1098  1189  1190
  1099  1190  1191
  1100  1191  1192
  1101  1192  1193
  1102  1193  1194
  1103  1194  1195
  1104  1195  1196
  1105  1196  1197
  1106  1197  1198
  1107  1198  1199
  1108  1199  1200
  1109  1200  1201
  1110  1201  1202
  1111  1202  1203
  1112  1204  1205
  1113  1205  1206
  1114  1206  1207
  1115  1208  1209
  1116  1209  1210
  1117  1210  1211
  1118  1211  1212
  1119  1212  1213
  1120  1213  1214
  1121  1214  1215
  1122  1215  1216
  1123  1216  1217
  1124  1217  1218
  1125  1218  1219
  1126  1219  1220
  1127  1220  1221
  1128  1221  1222
  1129  1222  1223
  1130  1223  1224
  1131  1224  1225
  1132  1225  1226
  1133  1226  1227
  1134  1227  1228
  1135  1228  1229
  1136  1229  1230
  1137  1231  1232
  1138  1232  1233
  1139  1233  1234
  1140  1234  1235
  1141  1235  1236
  1142  1236  1237
  1143  1237  1238
  1144  1238  1239
  1145  1239  1240
  1146  1240  1241
  1147  1241  1242
  1148  1242  1243
  1149  1244  1245
  1150  1246  1247
  1151  1247  1248
  1152  1248  1249
  1153  1249  1250
  1154  1250  1251
  1155  1251  1252
  1156  1252  1253
  1157  1253  1254
  1158  1254  1255
  1159  1255  1256
  1160  1257  1258
  1161  1258  1259
  1162  1259  1260
  1163  1260  1261
  1164  1261  1262
  1165  1262  1263
  1166  1263  1264
  1167  1264  1265
  1168  1265  1266
  1169  1266  1267
  1170  1267  1268
  1171  1268  1269
  1172  1269  1270
  1173  1270  1271
  1174  1271  1272
  1175  1272  1273
  1176  1273  1274
  1177  1274  1275
  1178  1275  1276
  1179  1276  1277
  1180  1277  1278
  1181  1278  1279
  1182  1279  1280
  1183  1281  1282
  1184  1282  1283
  1185  1283  1284
  1186  1284  1285
  1187  1285  1286
  1188  1287  1288
  1189  1288  1289
  1190  1289  1290
  1191  1290  1291
  1192  1291  1292
  1193  1292  1293
  1194  1293  1294
  1195  1294  1295
  1196  1295  1296
  1197  1296  1297
  1198  1297  1298
  1199  1298  1299
  1200  1299  1300
  1201  1300  1301
  1202  1301  1302
  1203  1302  1303
  1204  1303  1304
  1205  1304  1305
  1206  1305  1306
  1207  1306  1307
  1208  1307  1308
  1209  1308  1309
*Fibras 
100
     0     0     1     2     3     4     5     6     7     8     9    10    11    12    13    14    15    16    17    18    19    20    21    22    23    24
     1    25    26    27    28    29    30    31    32    33    34
     2    35    36    37    38    39    40    41    42    43    44    45    46    47
     3    48    49    50    51    52    53
     4    54    55    56    57    58    59    60    61    62    63    64    65    66    67    68    69    70    71
     5    72
     6    73    74    75    76    77    78    79    80    81    82    83    84    85    86    87    88    89    90    91    92
     7    93    94    95    96    97    98    99   100   101   102   103   104   105   106   107   108   109   110   111   112
     8   113   114
     9   115   116   117   118   119   120   121   122   123   124   125   126   127   128   129   130   131   132   133   134   135   136
    10   137   138   139   140   141   142   143   144   145   146   147   148   149   150   151   152   153   154   155   156   157   158   159   160   161   162   163   164   165
    11   166   167   168   169   170   171   172   173   174
    12   175   176   177   178   179   180   181   182   183   184   185   186   187   188   189   190   191   192   193   194   195   196   197   198   199   200   201
    13   202   203   204
    14   205   206   207   208   209   210   211
    15   212   213   214   215   216   217
    16   218
    17   219   220   221   222   223
    18   224   225   226   227   228   229   230   231   232
    19   233   234   235   236   237   238   239   240   241   242   243   244   245   246   247   248   249   250   251   252   253   254   255   256
    20   257   258   259   260   261   262   263   264   265   266   267   268   269   270   271   272   273   274   275   276   277   278
    21   279   280   281   282   283   284   285   286   287   288   289   290   291   292   293   294   295   296   297   298
    22   299   300   301   302   303   304   305   306   307   308   309   310   311   312   313   314
    23   315   316   317   318   319   320   321   322   323   324   325   326   327   328   329   330   331   332   333   334   335
    24   336   337   338   339   340   341   342   343   344   345   346   347   348   349
    25   350   351   352   353   354   355
    26   356   357   358   359   360   361   362   363   364   365   366   367   368   369   370   371
    27   372   373   374   375   376   377   378   379   380   381   382   383   384   385   386   387   388   389   390
    28   391   392   393   394   395   396   397   398   399   400   401   402   403
    29   404   405   406   407   408   409   410   411   412   413   414   415   416   417   418   419   420   421   422
    30   423   424   425   426   427   428   429
    31   430   431
    32   432   433   434   435   436   437   438   439   440
    33   441   442
    34   443   444   445   446   447   448   449   450   451   452   453   454   455   456   457   458   459   460
    35   461   462   463   464   465   466   467   468   469   470   471   472   473   474   475   476   477   478   479   480
    36   481   482   483   484   485   486   487   488   489   490   491   492   493   494   495   496   497   498
    37   499   500   501   502   503
    38   504   505   506   507   508   509   510   511   512   513   514   515   516   517   518   519   520   521   522   523
    39   524   525   526   527
    40   528   529   530   531   532   533   534   535   536   537   538
    41   539   540   541
    42   542   543   544   545   546   547   548   549   550   551   552   553   554   555   556   557   558   559
    43   560   561   562   563   564   565   566   567   568   569   570   571   572   573   574   575   576   577   578   579   580   581   582   583
    44   584   585   586   587   588   589   590   591   592   593   594   595   596   597   598   599   600   601   602   603
    45   604   605   606   607   608   609   610   611   612   613   614   615
    46   616   617   618   619   620   621   622   623   624   625
    47   626   627   628   629   630   631   632   633   634   635
    48   636   637
    49   638   639   640   641   642   643   644   645   646   647   648   649   650   651   652   653   654   655   656   657   658   659   660   661
    50   662   663   664   665   666   667   668   669
    51   670   671   672   673   674   675
    52   676   677   678   679   680   681   682   683   684   685   686   687   688   689   690   691   692   693   694   695   696   697   698   699
    53   700   701   702   703   704   705   706   707
    54   708   709
    55   710   711   712   713   714
    56   715   716   717   718   719   720   721   722   723   724   725   726   727   728   729   730   731   732   733   734   735
    57   736   737   738   739   740   741   742   743   744   745
    58   746   747   748   749   750   751   752   753   754   755   756   757   758   759   760   761   762   763   764   765   766   767
    59   768   769   770   771   772   773   774   775
    60   776   777   778   779   780   781
    61   782   783   784   785   786   787   788   789   790
    62   791   792   793
    63   794   795   796   797   798   799   800
    64   801   802
    65   803   804   805   806   807   808   809   810   811   812   813   814   815   816   817   818   819   820   821   822   823   824   825   826
    66   827   828   829   830   831   832
    67   833
    68   834   835
    69   836   837   838   839   840   841   842   843   844   845   846   847   848
    70   849   850   851   852   853   854   855   856   857   858   859   860   861   862   863   864   865   866   867   868   869
    71   870   871   872   873   874   875   876   877   878   879   880   881   882   883   884   885   886   887   888   889   890
    72   891   892   893   894   895
    73   896   897   898
    74   899   900   901
    75   902   903   904   905   906   907   908   909   910   911   912   913   914   915   916   917   918   919   920
    76   921   922   923   924   925   926   927
    77   928   929
    78   930   931   932   933   934   935   936   937
    79   938   939   940   941   942   943   944   945   946   947   948   949   950   951   952   953
    80   954   955   956   957   958
    81   959   960
    82   961   962   963   964   965   966   967   968   969   970   971   972   973   974   975
    83   976   977   978   979   980   981   982   983   984   985   986   987   988
    84   989   990   991   992
    85   993   994   995   996   997   998   999  1000  1001  1002  1003  1004  1005  1006  1007  1008  1009  1010  1011  1012  1013  1014  1015  1016
    86  1017  1018  1019  1020  1021  1022  1023  1024  1025  1026  1027  1028  1029  1030  1031  1032
    87  1033  1034  1035  1036  1037  1038  1039  1040  1041  1042  1043  1044  1045  1046
    88  1047  1048  1049  1050  1051  1052  1053  1054  1055  1056  1057
    89  1058  1059  1060  1061  1062  1063  1064  1065  1066  1067  1068  1069  1070  1071  1072  1073  1074  1075  1076
    90  1077  1078  1079  1080  1081  1082  1083  1084  1085  1086  1087  1088
    91  1089  1090  1091  1092  1093  1094  1095  1096  1097  1098  1099  1100  1101  1102  1103  1104  1105  1106  1107  1108  1109  1110  1111
    92  1112  1113  1114
    93  1115  1116  1117  1118  1119  1120  1121  1122  1123  1124  1125  1126  1127  1128  1129  1130  1131  1132  1133  1134  1135  1136
    94  1137  1138  1139  1140  1141  1142  1143  1144  1145  1146  1147  1148
    95  1149
    96  1150  1151  1152  1153  1154  1155  1156  1157  1158  1159
    97  1160  1161  1162  1163  1164  1165  1166  1167  1168  1169  1170  1171  1172  1173  1174  1175  1176  1177  1178  1179  1180  1181  1182
    98  1183  1184  1185  1186  1187
    99  1188  1189  1190  1191  1192  1193  1194  1195  1196  1197  1198  1199  1200  1201  1202  1203  1204  1205  1206  1207  1208  1209
