*Parametros (L) 
   1.00000000e+00
*Coordenadas 
960
     0 1  +0.00000000e+00  +8.79757546e-01
     1 0  +1.67988400e-02  +7.90208489e-01
     2 0  +2.24548067e-02  +6.99273102e-01
     3 0  +1.35955054e-02  +6.08593737e-01
     4 1  -7.63278329e-17  +5.25008486e-01
     5 1  +1.00000000e+00  +2.16050888e-01
     6 0  +9.09653294e-01  +2.27828296e-01
     7 0  +8.19945612e-01  +2.43758342e-01
     8 0  +7.40378209e-01  +2.88145986e-01
     9 0  +6.57736062e-01  +3.26506253e-01
    10 0  +5.90179604e-01  +3.87640201e-01
    11 0  +5.06738237e-01  +4.24229445e-01
    12 0  +4.35666766e-01  +4.81238923e-01
    13 0  +3.82697259e-01  +5.55370332e-01
    14 0  +3.47834676e-01  +6.39547734e-01
    15 0  +2.99533258e-01  +7.16801909e-01
    16 0  +2.51277216e-01  +7.94084436e-01
    17 0  +2.02972704e-01  +8.71336676e-01
    18 0  +1.42695912e-01  +9.39659022e-01
    19 1  +8.63760479e-02  +1.00000000e+00
    20 1  +1.43847713e-01  +0.00000000e+00
    21 0  +7.17653927e-02  +5.57258794e-02
    22 1  -1.38777878e-16  +8.47189740e-02
    23 1  +8.27732646e-01  +0.00000000e+00
    24 0  +8.47553141e-01  +8.89290870e-02
    25 0  +8.61058603e-01  +1.79033677e-01
    26 0  +8.52130975e-01  +2.69706341e-01
    27 0  +8.21589157e-01  +3.55545912e-01
    28 0  +7.88908191e-01  +4.40594069e-01
    29 0  +7.34093850e-01  +5.13371968e-01
    30 0  +6.77888495e-01  +5.85081051e-01
    31 0  +6.19553196e-01  +6.55068389e-01
    32 0  +5.45116574e-01  +7.07608125e-01
    33 0  +4.62333844e-01  +7.45664060e-01
    34 0  +3.91094930e-01  +8.02464163e-01
    35 0  +3.42855543e-01  +8.79757087e-01
    36 0  +2.82805250e-01  +9.48278594e-01
    37 0  +2.03708987e-01  +9.93500445e-01
    38 1  +1.74968222e-01  +1.00000000e+00
    39 1  +0.00000000e+00  +9.58055359e-01
    40 0  +8.68950234e-02  +9.85450421e-01
    41 1  +1.67467082e-01  +1.00000000e+00
    42 1  +1.00000000e+00  +1.66987197e-01
    43 0  +9.69824611e-01  +8.10181303e-02
    44 1  +9.39392071e-01  -2.08166817e-16
    45 1  +0.00000000e+00  +1.46757233e-01
    46 0  +8.21196981e-02  +1.86223545e-01
    47 0  +1.70009647e-01  +2.10235863e-01
    48 0  +2.53708647e-01  +2.46231863e-01
    49 0  +3.42700215e-01  +2.65769913e-01
    50 0  +4.29317487e-01  +2.94030888e-01
    51 0  +5.04823977e-01  +3.45021128e-01
    52 0  +5.72028123e-01  +4.06542159e-01
    53 0  +6.52030388e-01  +4.50141153e-01
    54 0  +7.33840541e-01  +4.90245185e-01
    55 0  +8.10979661e-01  +5.38730139e-01
    56 0  +8.71690688e-01  +6.06666917e-01
    57 0  +9.15812612e-01  +6.86381974e-01
    58 0  +9.64758086e-01  +7.63229714e-01
    59 1  +1.00000000e+00  +7.99495824e-01
    60 1  +5.29428248e-01  +1.00000000e+00
    61 0  +5.37202848e-01  +9.09221202e-01
    62 0  +5.62159310e-01  +8.21594668e-01
    63 0  +5.93187365e-01  +7.35929655e-01
    64 0  +6.05480130e-01  +6.45651626e-01
    65 0  +6.11886733e-01  +5.54766039e-01
    66 0  +6.18894174e-01  +4.63924802e-01
    67 0  +6.50668814e-01  +3.78533896e-01
    68 0  +7.08124837e-01  +3.07822935e-01
    69 0  +7.67949804e-01  +2.39104612e-01
    70 0  +8.22687252e-01  +1.66268863e-01
    71 0  +8.98209553e-01  +1.15302043e-01
    72 0  +9.83430026e-01  +8.30730897e-02
    73 1  +1.00000000e+00  +8.21541366e-02
    74 1  +4.08868620e-01  +1.00000000e+00
    75 0  +3.61152186e-01  +9.22383143e-01
    76 0  +2.97353055e-01  +8.57337732e-01
    77 0  +2.34517902e-01  +7.91360630e-01
    78 0  +1.63304483e-01  +7.34528565e-01
    79 0  +7.79393046e-02  +7.02684871e-01
    80 1  -6.93889390e-17  +6.99671673e-01
    81 1  +1.00000000e+00  +4.98604530e-01
    82 0  +9.12704988e-01  +5.24696969e-01
    83 0  +8.28991759e-01  +5.60659867e-01
    84 0  +7.58004399e-01  +6.17774043e-01
    85 0  +7.04348054e-01  +6.91409845e-01
    86 0  +6.29034776e-01  +7.42685031e-01
    87 0  +5.52278035e-01  +7.91773087e-01
    88 0  +4.72889007e-01  +8.36478979e-01
    89 0  +3.87555055e-01  +8.68406261e-01
    90 0  +2.96593046e-01  +8.73616576e-01
    91 0  +2.10110018e-01  +9.02285731e-01
    92 0  +1.29845179e-01  +9.45399422e-01
    93 1  +7.41680596e-02  +1.00000000e+00
    94 1  +0.00000000e+00  +6.75551985e-01
    95 0  +9.04967129e-02  +6.64988865e-01
    96 0  +1.80384492e-01  +6.50108618e-01
    97 0  +2.64200231e-01  +6.14385285e-01
    98 0  +3.39821632e-01  +5.63565622e-01
    99 0  +4.23856688e-01  +5.28361304e-01
   100 0  +5.05058741e-01  +4.87039867e-01
   101 0  +5.81197093e-01  +4.36998026e-01
   102 0  +6.67596846e-01  +4.08078874e-01
   103 0  +7.55499970e-01  +3.84114830e-01
   104 0  +8.45699979e-01  +3.71262096e-01
   105 0  +9.36796475e-01  +3.69630236e-01
   106 1  +1.00000000e+00  +3.57290503e-01
   107 1  +0.00000000e+00  +5.16384982e-01
   108 0  +7.60225927e-02  +5.66602508e-01
   109 0  +1.61629637e-01  +5.97790143e-01
   110 0  +2.52721128e-01  +5.99680840e-01
   111 0  +3.41189490e-01  +6.21465778e-01
   112 0  +4.31895832e-01  +6.12887077e-01
   113 0  +5.20443415e-01  +6.34347742e-01
   114 0  +6.01124728e-01  +6.76676931e-01
   115 0  +6.72297920e-01  +7.33559366e-01
   116 0  +7.25742387e-01  +8.07349091e-01
   117 0  +7.78232859e-01  +8.81820461e-01
   118 0  +8.38948829e-01  +9.49752821e-01
   119 1  +8.73407500e-01  +1.00000000e+00
   120 1  +4.93179746e-01  +0.00000000e+00
   121 0  +5.09397430e-01  +8.96561280e-02
   122 0  +5.30925403e-01  +1.78187371e-01
   123 0  +5.50198627e-01  +2.67236668e-01
   124 0  +5.97324265e-01  +3.45213645e-01
   125 0  +6.55836783e-01  +4.15052887e-01
   126 0  +7.20067978e-01  +4.79671679e-01
   127 0  +7.96087530e-01  +5.29893808e-01
   128 0  +8.63304216e-01  +5.91401138e-01
   129 0  +9.39901849e-01  +6.40737101e-01
   130 1  +1.00000000e+00  +6.90916192e-01
   131 1  +3.35317097e-01  +1.00000000e+00
   132 0  +3.40729544e-01  +9.09049794e-01
   133 0  +3.72751436e-01  +8.23751301e-01
   134 0  +3.99098181e-01  +7.36532704e-01
   135 0  +4.17740562e-01  +6.47349207e-01
   136 0  +4.05743974e-01  +5.57031343e-01
   137 0  +4.22156747e-01  +4.67410724e-01
   138 0  +4.56627150e-01  +3.83071967e-01
   139 0  +4.83515313e-01  +2.96018758e-01
   140 0  +5.09092536e-01  +2.08571401e-01
   141 0  +5.14871787e-01  +1.17643765e-01
   142 0  +5.41485512e-01  +3.05062638e-02
   143 1  +5.44272890e-01  -1.38777878e-16
   144 1  +1.86121383e-01  +0.00000000e+00
   145 0  +2.65168992e-01  +4.53068434e-02
   146 0  +3.27416485e-01  +1.11838672e-01
   147 0  +3.67070159e-01  +1.93868061e-01
   148 0  +4.11249637e-01  +2.73551236e-01
   149 0  +4.65461663e-01  +3.46778899e-01
   150 0  +5.12770100e-01  +4.24645108e-01
   151 0  +5.42275244e-01  +5.10846506e-01
   152 0  +5.64523449e-01  +5.99199502e-01
   153 0  +5.55972888e-01  +6.89908501e-01
   154 0  +5.24617223e-01  +7.75454143e-01
   155 0  +4.70994041e-01  +8.49114097e-01
   156 0  +4.28859820e-01  +9.29897400e-01
   157 1  +4.18428639e-01  +1.00000000e+00
   158 1  +7.61679214e-01  +1.00000000e+00
   159 0  +6.70921618e-01  +9.91981688e-01
   160 0  +5.79909155e-01  +9.96220330e-01
   161 1  +5.62097045e-01  +1.00000000e+00
   162 1  +0.00000000e+00  +3.36765666e-02
   163 1  +6.85766124e-04  -6.93889390e-18
   164 1  +1.00000000e+00  +3.91149619e-01
   165 0  +9.86474616e-01  +4.81251220e-01
   166 0  +9.75078793e-01  +5.71646849e-01
   167 0  +9.53022596e-01  +6.60047973e-01
   168 0  +9.05524781e-01  +7.37798807e-01
   169 0  +8.46676633e-01  +8.07355475e-01
   170 0  +7.94361303e-01  +8.81949985e-01
   171 0  +7.46013746e-01  +9.59175293e-01
   172 1  +7.05664573e-01  +1.00000000e+00
   173 1  +0.00000000e+00  +5.06596848e-01
   174 0  +7.22536541e-02  +5.62100398e-01
   175 0  +1.47380399e-01  +6.13648500e-01
   176 0  +2.00944478e-01  +6.87351444e-01
   177 0  +2.41376469e-01  +7.69000012e-01
   178 0  +2.83015814e-01  +8.50039506e-01
   179 0  +3.10469670e-01  +9.36915972e-01
   180 1  +3.35134497e-01  +1.00000000e+00
   181 1  +0.00000000e+00  +7.52280733e-01
   182 0  +7.55167401e-02  +7.01305675e-01
   183 0  +1.43342171e-01  +6.40470278e-01
   184 0  +2.03269977e-01  +5.71841620e-01
   185 0  +2.39397440e-01  +4.88199281e-01
   186 0  +2.98727323e-01  +4.19053062e-01
   187 0  +3.63490748e-01  +3.54967703e-01
   188 0  +4.11048858e-01  +2.77253735e-01
   189 0  +4.29272665e-01  +1.87983766e-01
   190 0  +4.66319870e-01  +1.04744718e-01
   191 0  +5.08044932e-01  +2.37493241e-02
   192 1  +5.31395822e-01  -1.24900090e-16
   193 1  +1.00000000e+00  +8.31797922e-01
   194 0  +9.15314332e-01  +7.98188814e-01
   195 0  +8.29387355e-01  +7.67893778e-01
   196 0  +7.51218622e-01  +7.21086901e-01
   197 0  +6.71821780e-01  +6.76394888e-01
   198 0  +6.10068533e-01  +6.09404060e-01
   199 0  +5.60277840e-01  +5.33101232e-01
   200 0  +5.07335809e-01  +4.58950198e-01
   201 0  +4.66686504e-01  +3.77409603e-01
   202 0  +4.45154702e-01  +2.88879291e-01
   203 0  +4.24066235e-01  +2.00242329e-01
   204 0  +3.79736366e-01  +1.20642723e-01
   205 0  +3.12454637e-01  +5.92065488e-02
   206 1  +2.62937186e-01  -5.55111512e-17
   207 1  +1.00000000e+00  +8.79307436e-01
   208 0  +9.08939734e-01  +8.82350861e-01
   209 0  +8.19325192e-01  +8.65904932e-01
   210 0  +7.31629905e-01  +8.41191148e-01
   211 0  +6.52520519e-01  +7.95992258e-01
   212 0  +5.69239982e-01  +7.59038412e-01
   213 0  +4.79199712e-01  +7.45110585e-01
   214 0  +3.89751588e-01  +7.62438818e-01
   215 0  +2.99387593e-01  +7.50794806e-01
   216 0  +2.08278583e-01  +7.51413565e-01
   217 0  +1.17378850e-01  +7.57616236e-01
   218 0  +2.64329319e-02  +7.63100263e-01
   219 1  -1.49186219e-16  +7.60913264e-01
   220 1  +4.57874296e-01  +1.00000000e+00
   221 0  +5.14799381e-01  +9.28860916e-01
   222 0  +5.73019859e-01  +8.58778033e-01
   223 0  +6.14953398e-01  +7.77890377e-01
   224 0  +6.48182602e-01  +6.93054921e-01
   225 0  +7.07848484e-01  +6.24198425e-01
   226 0  +7.46634985e-01  +5.41755463e-01
   227 0  +7.59787651e-01  +4.51598700e-01
   228 0  +7.55625470e-01  +3.60582708e-01
   229 0  +7.44910998e-01  +2.70103790e-01
   230 0  +7.55263130e-01  +1.79582699e-01
   231 0  +7.44212739e-01  +8.91441922e-02
   232 0  +7.07355437e-01  +5.82088292e-03
   233 1  +7.05055152e-01  -2.20309881e-16
   234 1  +9.97477959e-01  +0.00000000e+00
   235 0  +9.59065093e-01  +8.26177119e-02
   236 0  +9.30664263e-01  +1.69189228e-01
   237 0  +9.10652319e-01  +2.58075429e-01
   238 0  +8.84253916e-01  +3.45278404e-01
   239 0  +8.67116983e-01  +4.34763375e-01
   240 0  +8.26631665e-01  +5.16385515e-01
   241 0  +7.66124062e-01  +5.84503533e-01
   242 0  +7.19606915e-01  +6.62845027e-01
   243 0  +6.51482346e-01  +7.23345255e-01
   244 0  +5.78029181e-01  +7.77251351e-01
   245 0  +4.97999313e-01  +8.20799655e-01
   246 0  +4.26003467e-01  +8.76637212e-01
   247 0  +3.76977811e-01  +9.53433824e-01
   248 1  +3.53257599e-01  +1.00000000e+00
   249 1  +0.00000000e+00  +6.95239923e-01
   250 0  +6.59883456e-02  +6.32416577e-01
   251 0  +1.48270232e-01  +5.93289531e-01
   252 0  +2.37918284e-01  +5.77027262e-01
   253 0  +3.28234751e-01  +5.89034360e-01
   254 0  +4.19125985e-01  +5.95360344e-01
   255 0  +5.04613946e-01  +6.26872931e-01
   256 0  +5.87863144e-01  +6.63897322e-01
   257 0  +6.53491543e-01  +7.27096592e-01
   258 0  +7.34725690e-01  +7.68354900e-01
   259 0  +8.25079817e-01  +7.80075241e-01
   260 0  +9.11807146e-01  +8.07996648e-01
   261 0  +9.95467622e-01  +8.44082093e-01
   262 1  +1.00000000e+00  +8.46613281e-01
   263 1  +0.00000000e+00  +2.80769640e-01
   264 0  +7.22889818e-02  +2.25312110e-01
   265 0  +1.57830083e-01  +1.93944059e-01
   266 0  +2.45269663e-01  +1.68340264e-01
   267 0  +3.26514161e-01  +1.27102343e-01
   268 0  +3.97981972e-01  +7.05905159e-02
   269 0  +4.79155904e-01  +2.92138633e-02
   270 1  +5.19166331e-01  -1.63064007e-16
   271 1  +8.10085672e-01  +1.00000000e+00
   272 0  +8.99119548e-01  +9.80655660e-01
   273 0  +9.81869891e-01  +9.42529354e-01
   274 1  +1.00000000e+00  +9.25401155e-01
   275 1  +1.00000000e+00  +9.44837437e-01
   276 0  +9.16968619e-01  +9.82347760e-01
   277 1  +8.80999637e-01  +1.00000000e+00
   278 1  +8.48833312e-01  +1.00000000e+00
   279 0  +7.60543068e-01  +9.77504059e-01
   280 0  +6.74678669e-01  +9.47032112e-01
   281 0  +5.83649850e-01  +9.43160590e-01
   282 0  +4.92638182e-01  +9.38904901e-01
   283 0  +4.03637482e-01  +9.58401311e-01
   284 0  +3.13035480e-01  +9.68019620e-01
   285 0  +2.22090386e-01  +9.73517297e-01
   286 0  +1.31149031e-01  +9.67958122e-01
   287 0  +4.26538179e-02  +9.89633728e-01
   288 1  -6.93889390e-18  +9.92024982e-01
   289 1  +6.78005189e-01  +1.00000000e+00
   290 0  +7.28488525e-01  +9.24153660e-01
   291 0  +8.01411659e-01  +8.69532683e-01
   292 0  +8.64459001e-01  +8.03758317e-01
   293 0  +9.33556514e-01  +7.44371717e-01
   294 0  +9.78494726e-01  +6.65113962e-01
   295 1  +1.00000000e+00  +6.40405216e-01
   296 1  +1.28637637e-01  +0.00000000e+00
   297 0  +2.04202164e-01  +5.09041918e-02
   298 0  +2.69657282e-01  +1.14282912e-01
   299 0  +3.44406401e-01  +1.66377093e-01
   300 0  +4.24178336e-01  +2.10396100e-01
   301 0  +5.08490015e-01  +2.44932680e-01
   302 0  +5.96630316e-01  +2.68009118e-01
   303 0  +6.87640717e-01  +2.63726424e-01
   304 0  +7.78746291e-01  +2.64730904e-01
   305 0  +8.68907128e-01  +2.77855614e-01
   306 0  +9.54126066e-01  +3.10088626e-01
   307 1  +1.00000000e+00  +3.33114414e-01
   308 1  +6.98237149e-01  +0.00000000e+00
   309 0  +7.89328007e-01  +1.92096714e-03
   310 0  +8.80399503e-01  +4.60745967e-03
   311 0  +9.69819770e-01  +2.20788774e-02
   312 1  +1.00000000e+00  +2.80363180e-02
   313 1  +6.61020844e-01  +1.00000000e+00
   314 0  +7.23761284e-01  +9.33932824e-01
   315 0  +7.72265504e-01  +8.56805817e-01
   316 0  +8.36307439e-01  +7.91999450e-01
   317 0  +9.14566545e-01  +7.45343831e-01
   318 0  +9.86218014e-01  +6.89065047e-01
   319 1  +1.00000000e+00  +6.74857389e-01
   320 1  +1.00000000e+00  +2.10157706e-01
   321 0  +9.32846793e-01  +1.48581076e-01
   322 0  +8.69343773e-01  +8.32465452e-02
   323 0  +8.23047513e-01  +4.77431491e-03
   324 1  +8.18041942e-01  -2.90566182e-16
   325 1  +6.51476136e-01  +1.00000000e+00
   326 0  +6.25409745e-01  +9.12697206e-01
   327 0  +6.10000960e-01  +8.22898520e-01
   328 0  +6.07784826e-01  +7.31814365e-01
   329 0  +5.86723810e-01  +6.43170876e-01
   330 0  +5.94969548e-01  +5.52433660e-01
   331 0  +6.25373184e-01  +4.66545049e-01
   332 0  +6.58381403e-01  +3.81623367e-01
   333 0  +7.05743401e-01  +3.03789726e-01
   334 0  +7.49043508e-01  +2.23625299e-01
   335 0  +8.03720003e-01  +1.50743783e-01
   336 0  +8.31954112e-01  +6.41177491e-02
   337 1  +8.78096926e-01  -2.22044605e-16
   338 1  +6.38013076e-01  +1.00000000e+00
   339 0  +6.70554758e-01  +9.14898452e-01
   340 0  +7.02173001e-01  +8.29449512e-01
   341 0  +7.39421797e-01  +7.46300479e-01
   342 0  +7.77125193e-01  +6.63356591e-01
   343 0  +8.06484374e-01  +5.77105371e-01
   344 0  +8.60941693e-01  +5.04059940e-01
   345 0  +9.12767631e-01  +4.29124589e-01
   346 0  +9.51993023e-01  +3.46889541e-01
   347 0  +9.83636598e-01  +2.61449979e-01
   348 1  +1.00000000e+00  +1.93739505e-01
   349 1  +0.00000000e+00  +9.99718624e-01
   350 0  +6.97888809e-02  +9.41146048e-01
   351 0  +1.18156315e-01  +8.63933187e-01
   352 0  +1.72192796e-01  +7.90575889e-01
   353 0  +2.41037833e-01  +7.30896784e-01
   354 0  +2.85979692e-01  +6.51641098e-01
   355 0  +3.01199792e-01  +5.61810239e-01
   356 0  +3.29818958e-01  +4.75310656e-01
   357 0  +3.62998490e-01  +3.90455761e-01
   358 0  +4.21768045e-01  +3.20832676e-01
   359 0  +4.74727513e-01  +2.46694094e-01
   360 0  +5.07128777e-01  +1.61538984e-01
   361 0  +5.62838322e-01  +8.94440386e-02
   362 0  +6.19256318e-01  +1.79021325e-02
   363 1  +6.25766386e-01  -1.35308431e-16
   364 1  +5.01888342e-01  +1.00000000e+00
   365 0  +4.80212621e-01  +9.11504816e-01
   366 0  +4.53449130e-01  +8.24413196e-01
   367 0  +4.19452859e-01  +7.39882207e-01
   368 0  +4.05613169e-01  +6.49828348e-01
   369 0  +3.88810448e-01  +5.60280020e-01
   370 0  +3.56322495e-01  +4.75157946e-01
   371 0  +3.14844810e-01  +3.94035592e-01
   372 0  +2.69639612e-01  +3.14929811e-01
   373 0  +2.05687302e-01  +2.50034999e-01
   374 0  +1.46331613e-01  +1.80910931e-01
   375 0  +1.04311356e-01  +1.00068291e-01
   376 0  +7.32457933e-02  +1.44168726e-02
   377 1  +7.03199497e-02  -1.90819582e-17
   378 1  +1.34486877e-01  +0.00000000e+00
   379 0  +1.56133360e-01  +8.85023408e-02
   380 0  +1.94205107e-01  +1.71277800e-01
   381 0  +2.41490641e-01  +2.49157918e-01
   382 0  +2.59363081e-01  +3.38498897e-01
   383 0  +3.06086834e-01  +4.16717344e-01
   384 0  +3.40454632e-01  +5.01097964e-01
   385 0  +3.79471354e-01  +5.83432222e-01
   386 0  +4.15631162e-01  +6.67060583e-01
   387 0  +4.60499792e-01  +7.46357750e-01
   388 0  +5.02937230e-01  +8.26982178e-01
   389 0  +5.69543078e-01  +8.89150462e-01
   390 0  +6.52707554e-01  +9.26364767e-01
   391 0  +7.37011649e-01  +9.60919855e-01
   392 0  +8.19777468e-01  +9.99012555e-01
   393 1  +8.21669474e-01  +1.00000000e+00
   394 1  +1.00000000e+00  +2.63503064e-01
   395 0  +9.48506968e-01  +3.38667566e-01
   396 0  +8.91235173e-01  +4.09527823e-01
   397 0  +8.18914774e-01  +4.64944377e-01
   398 0  +7.58468745e-01  +5.33117041e-01
   399 0  +7.18401980e-01  +6.14945452e-01
   400 0  +7.07440846e-01  +7.05394820e-01
   401 0  +6.73971453e-01  +7.90135803e-01
   402 0  +6.55577338e-01  +8.79370836e-01
   403 0  +6.34715715e-01  +9.68061463e-01
   404 1  +6.24090289e-01  +1.00000000e+00
   405 1  +8.48124968e-02  +0.00000000e+00
   406 1  +2.49800181e-16  +7.91073548e-03
   407 1  +7.39895942e-01  +1.00000000e+00
   408 0  +6.89387988e-01  +9.24170051e-01
   409 0  +6.21509846e-01  +8.63393473e-01
   410 0  +5.51648600e-01  +8.04907228e-01
   411 0  +4.74670276e-01  +7.56167386e-01
   412 0  +4.10774610e-01  +6.91216801e-01
   413 0  +3.45682794e-01  +6.27465016e-01
   414 0  +2.92431259e-01  +5.53535938e-01
   415 0  +2.24947581e-01  +4.92321661e-01
   416 0  +1.49960785e-01  +4.40570188e-01
   417 0  +8.32852816e-02  +3.78476615e-01
   418 0  +2.74362326e-02  +3.06489683e-01
   419 1  -1.73472348e-16  +2.58997569e-01
   420 1  +8.15390838e-01  +0.00000000e+00
   421 0  +7.32300972e-01  +3.73805941e-02
   422 0  +6.44804652e-01  +6.27898132e-02
   423 0  +5.61270533e-01  +9.91668058e-02
   424 0  +4.79934537e-01  +1.40223965e-01
   425 0  +3.89687387e-01  +1.52741412e-01
   426 0  +3.04053354e-01  +1.83854866e-01
   427 0  +2.22560538e-01  +2.24599871e-01
   428 0  +1.37333226e-01  +2.56810736e-01
   429 0  +4.64502271e-02  +2.63253961e-01
   430 1  -4.09394740e-16  +2.83849024e-01
   431 1  +1.00000000e+00  +6.75158350e-01
   432 0  +9.52924383e-01  +5.97151165e-01
   433 0  +8.99776594e-01  +5.23147468e-01
   434 0  +8.68156637e-01  +4.37699163e-01
   435 0  +8.24642211e-01  +3.57650869e-01
   436 0  +7.97449661e-01  +2.70692260e-01
   437 0  +7.65096233e-01  +1.85518964e-01
   438 0  +7.57585526e-01  +9.47179519e-02
   439 0  +7.79144982e-01  +6.19437066e-03
   440 1  +7.80960474e-01  -2.10768902e-16
   441 1  +1.00000000e+00  +8.15695978e-02
   442 0  +9.10347384e-01  +9.78066827e-02
   443 0  +8.20275320e-01  +1.11527398e-01
   444 0  +7.29269681e-01  +1.15910118e-01
   445 0  +6.39947498e-01  +9.79439779e-02
   446 0  +5.51219243e-01  +7.72429829e-02
   447 0  +4.73708591e-01  +2.93542210e-02
   448 1  +4.03014375e-01  -1.11022302e-16
   449 1  +1.00000000e+00  +6.88355778e-01
   450 0  +9.80038594e-01  +7.77253341e-01
   451 0  +9.39328413e-01  +8.58763560e-01
   452 0  +8.94343687e-01  +9.37994924e-01
   453 1  +8.77206246e-01  +1.00000000e+00
   454 1  +8.52097311e-01  +0.00000000e+00
   455 0  +7.61071033e-01  +3.93080932e-03
   456 0  +6.75040032e-01  +3.39291665e-02
   457 0  +5.95218628e-01  +7.78584050e-02
   458 0  +5.09461669e-01  +1.08631422e-01
   459 0  +4.22416837e-01  +1.35546690e-01
   460 0  +3.36324069e-01  +1.65367319e-01
   461 0  +2.47646193e-01  +1.86283075e-01
   462 0  +1.56539954e-01  +1.87225311e-01
   463 0  +6.64659354e-02  +1.73517437e-01
   464 1  -1.94289029e-16  +1.48880720e-01
   465 1  +0.00000000e+00  +6.64706300e-01
   466 0  +4.93813811e-02  +7.41274660e-01
   467 0  +8.16724953e-02  +8.26471600e-01
   468 0  +1.13430784e-01  +9.11868589e-01
   469 1  +1.24904676e-01  +1.00000000e+00
   470 1  +0.00000000e+00  +7.44248957e-01
   471 0  +9.11105527e-02  +7.43929957e-01
   472 0  +1.80981843e-01  +7.58909470e-01
   473 0  +2.66560195e-01  +7.90175747e-01
   474 0  +3.39144946e-01  +8.45245599e-01
   475 0  +4.21878294e-01  +8.83408770e-01
   476 0  +5.00776398e-01  +9.28975466e-01
   477 0  +5.78922094e-01  +9.75820795e-01
   478 1  +6.06524555e-01  +1.00000000e+00
   479 1  +0.00000000e+00  +8.16485944e-01
   480 0  +6.47165493e-02  +7.52353247e-01
   481 0  +1.38851723e-01  +6.99389008e-01
   482 0  +2.20909234e-01  +6.59793560e-01
   483 0  +3.10954724e-01  +6.45899522e-01
   484 0  +4.01619376e-01  +6.36890890e-01
   485 0  +4.88072857e-01  +6.08132756e-01
   486 0  +5.74178472e-01  +5.78349246e-01
   487 0  +6.60634707e-01  +5.49599394e-01
   488 0  +7.32510762e-01  +4.93607721e-01
   489 0  +8.08681560e-01  +4.43615281e-01
   490 0  +8.64876253e-01  +3.71897842e-01
   491 0  +9.06148948e-01  +2.90671004e-01
   492 0  +9.66920146e-01  +2.22788045e-01
   493 1  +1.00000000e+00  +2.02342515e-01
   494 1  +2.90331982e-01  +0.00000000e+00
   495 0  +3.66130134e-01  +5.05556606e-02
   496 0  +4.38210971e-01  +1.06283459e-01
   497 0  +5.18246457e-01  +1.49821437e-01
   498 0  +6.07020433e-01  +1.70325480e-01
   499 0  +6.92817123e-01  +2.00987550e-01
   500 0  +7.83859971e-01  +2.04513801e-01
   501 0  +8.72643858e-01  +1.84052718e-01
   502 0  +9.63754924e-01  +1.84143160e-01
   503 1  +1.00000000e+00  +1.76070139e-01
   504 1  +5.40625529e-01  +1.00000000e+00
   505 0  +6.31469804e-01  +9.93032056e-01
   506 0  +7.22547726e-01  +9.95491060e-01
   507 1  +8.05567301e-01  +1.00000000e+00
   508 1  +5.63533759e-01  +0.00000000e+00
   509 0  +5.91762599e-01  +8.66277504e-02
   510 0  +6.27430651e-01  +1.70467029e-01
   511 0  +6.47295997e-01  +2.59386108e-01
   512 0  +6.58964621e-01  +3.49746928e-01
   513 0  +6.97821809e-01  +4.32156597e-01
   514 0  +7.27073915e-01  +5.18444191e-01
   515 0  +7.50134376e-01  +6.06588673e-01
   516 0  +7.67522773e-01  +6.96025121e-01
   517 0  +7.72551746e-01  +7.86997336e-01
   518 0  +7.70391878e-01  +8.78082843e-01
   519 0  +7.69807381e-01  +9.69192079e-01
   520 1  +7.75298143e-01  +1.00000000e+00
   521 1  +3.02815732e-01  +0.00000000e+00
   522 0  +3.90306262e-01  +2.54291522e-02
   523 0  +4.68771845e-01  +7.17366777e-02
   524 0  +5.55390944e-01  +9.99920513e-02
   525 0  +6.45776148e-01  +1.11470271e-01
   526 0  +7.36705189e-01  +1.05713179e-01
   527 0  +8.23217140e-01  +7.71314218e-02
   528 0  +9.09967395e-01  +4.92813243e-02
   529 0  +9.96340049e-01  +2.02813398e-02
   530 1  +1.00000000e+00  +1.89863537e-02
   531 1  +4.25884912e-01  +0.00000000e+00
   532 0  +3.99289674e-01  +8.71431461e-02
   533 0  +3.76373698e-01  +1.75325302e-01
   534 0  +3.26475473e-01  +2.51557852e-01
   535 0  +2.77252720e-01  +3.28228284e-01
   536 0  +2.33570677e-01  +4.08185233e-01
   537 0  +2.01976963e-01  +4.93643245e-01
   538 0  +1.95125635e-01  +5.84496390e-01
   539 0  +2.05141801e-01  +6.75055271e-01
   540 0  +2.24085112e-01  +7.64175333e-01
   541 0  +2.55099235e-01  +8.49845391e-01
   542 0  +2.76155697e-01  +9.38489962e-01
   543 1  +2.86474991e-01  +1.00000000e+00
   544 1  +0.00000000e+00  +6.65129480e-02
   545 0  +5.15908065e-02  +1.41610373e-01
   546 0  +7.63828968e-02  +2.29283555e-01
   547 0  +9.31302785e-02  +3.18842250e-01
   548 0  +8.58449785e-02  +4.09661625e-01
   549 0  +5.92572518e-02  +4.96807063e-01
   550 0  +1.81608462e-02  +5.78123236e-01
   551 1  -7.28583860e-17  +6.52301577e-01
   552 1  +0.00000000e+00  +6.90344509e-01
   553 0  +8.81346258e-02  +7.13442611e-01
   554 0  +1.68122691e-01  +7.57067650e-01
   555 0  +2.33049905e-01  +8.20987064e-01
   556 0  +3.08348219e-01  +8.72284221e-01
   557 0  +3.94421920e-01  +9.02159839e-01
   558 0  +4.83340394e-01  +9.22027896e-01
   559 0  +5.74138134e-01  +9.29578059e-01
   560 0  +6.60345260e-01  +9.59066463e-01
   561 1  +7.11131834e-01  +1.00000000e+00
   562 1  +7.58649652e-01  +0.00000000e+00
   563 0  +6.69500141e-01  +1.88042357e-02
   564 0  +5.79864803e-01  +3.51364342e-02
   565 0  +4.95518312e-01  +6.95879089e-02
   566 0  +4.22934879e-01  +1.24659497e-01
   567 0  +3.59180155e-01  +1.89748433e-01
   568 0  +2.79238890e-01  +2.33459173e-01
   569 0  +1.94054765e-01  +2.65784078e-01
   570 0  +1.21025617e-01  +3.20263230e-01
   571 0  +4.15273026e-02  +3.64774494e-01
   572 1  -6.93889390e-17  +4.10449022e-01
   573 1  +5.58825458e-01  +1.00000000e+00
   574 0  +4.91617001e-01  +9.38483677e-01
   575 0  +4.46522887e-01  +8.59314521e-01
   576 0  +4.06699054e-01  +7.77367605e-01
   577 0  +3.76568676e-01  +6.91382753e-01
   578 0  +3.41883236e-01  +6.07132205e-01
   579 0  +2.85801285e-01  +5.35326569e-01
   580 0  +2.20684400e-01  +4.71600390e-01
   581 0  +1.54475350e-01  +4.09009686e-01
   582 0  +7.50459994e-02  +3.64375474e-01
   583 1  +2.08166817e-16  +3.29343558e-01
   584 1  +5.42273603e-01  +1.00000000e+00
   585 0  +5.06138949e-01  +9.16360766e-01
   586 0  +4.86663405e-01  +8.27355498e-01
   587 0  +4.72540763e-01  +7.37345579e-01
   588 0  +4.73392642e-01  +6.46238451e-01
   589 0  +4.57256275e-01  +5.56567651e-01
   590 0  +4.16194214e-01  +4.75234130e-01
   591 0  +3.53047754e-01  +4.09554916e-01
   592 0  +3.02315850e-01  +3.33874612e-01
   593 0  +2.45683247e-01  +2.62502469e-01
   594 0  +1.91480327e-01  +1.89268063e-01
   595 0  +1.51995110e-01  +1.07157454e-01
   596 0  +1.18865932e-01  +2.22828868e-02
   597 1  +1.14683685e-01  -2.77555756e-17
   598 1  +1.00000000e+00  +9.29467640e-01
   599 1  +9.88408207e-01  +1.00000000e+00
   600 1  +1.00000000e+00  +3.16698125e-01
   601 0  +9.10515755e-01  +3.33838848e-01
   602 0  +8.30950030e-01  +3.78229500e-01
   603 0  +7.42439558e-01  +3.99842714e-01
   604 0  +6.51657168e-01  +4.07575249e-01
   605 0  +5.60724755e-01  +4.13278828e-01
   606 0  +4.70449377e-01  +4.25591052e-01
   607 0  +3.86873422e-01  +4.61871822e-01
   608 0  +3.11046304e-01  +5.12384025e-01
   609 0  +2.27571667e-01  +5.48897305e-01
   610 0  +1.48107794e-01  +5.93470026e-01
   611 0  +6.53761267e-02  +6.31636841e-01
   612 1  -4.16333634e-17  +6.80435181e-01
   613 1  +1.00000000e+00  +3.42557460e-01
   614 0  +9.08987781e-01  +3.46801336e-01
   615 0  +8.22929118e-01  +3.76720247e-01
   616 0  +7.32578141e-01  +3.88464842e-01
   617 0  +6.43692346e-01  +4.08478587e-01
   618 0  +5.52885048e-01  +4.01044259e-01
   619 0  +4.67512748e-01  +3.69219663e-01
   620 0  +3.88847740e-01  +3.23251727e-01
   621 0  +3.24141011e-01  +2.59109122e-01
   622 0  +2.76741342e-01  +1.81298416e-01
   623 0  +2.51260443e-01  +9.38229434e-02
   624 0  +2.12721806e-01  +1.12638248e-02
   625 1  +2.10326992e-01  -6.07153217e-17
   626 1  +1.00000000e+00  +6.54966343e-01
   627 0  +9.32664505e-01  +5.93589102e-01
   628 0  +8.49711388e-01  +5.55906016e-01
   629 0  +7.60615495e-01  +5.36849355e-01
   630 0  +6.69791820e-01  +5.29617845e-01
   631 0  +5.82649897e-01  +5.03018599e-01
   632 0  +5.07484032e-01  +4.51527559e-01
   633 0  +4.40205741e-01  +3.90087620e-01
   634 0  +3.82664516e-01  +3.19445975e-01
   635 0  +3.48707923e-01  +2.34899039e-01
   636 0  +3.34272665e-01  +1.44938726e-01
   637 0  +3.24595870e-01  +5.43429526e-02
   638 1  +3.01960566e-01  -9.71445147e-17
   639 1  +0.00000000e+00  +4.73959415e-01
   640 0  +3.38049745e-02  +5.58567088e-01
   641 0  +5.17252889e-02  +6.47898476e-01
   642 0  +3.83832281e-02  +7.38027406e-01
   643 0  +1.91619906e-02  +8.27087939e-01
   644 0  +3.00309536e-02  +9.17548429e-01
   645 1  +3.03904457e-02  +1.00000000e+00
   646 1  +0.00000000e+00  +5.63459913e-01
   647 0  +7.06992814e-02  +5.05989519e-01
   648 0  +1.27498786e-01  +4.34750129e-01
   649 0  +1.94308141e-01  +3.72800595e-01
   650 0  +2.38521577e-01  +2.93136258e-01
   651 0  +2.89167845e-01  +2.17398618e-01
   652 0  +3.55580079e-01  +1.55023545e-01
   653 0  +4.17673524e-01  +8.83479223e-02
   654 0  +4.92492042e-01  +3.63534610e-02
   655 1  +5.42282227e-01  -1.38777878e-16
   656 1  +5.81415479e-01  +0.00000000e+00
   657 0  +6.71687473e-01  +1.23370042e-02
   658 0  +7.62794765e-01  +1.31712154e-02
   659 0  +8.51121911e-01  +3.55218285e-02
   660 0  +9.40835984e-01  +5.14158381e-02
   661 1  +1.00000000e+00  +6.85226961e-02
   662 1  +5.65681279e-01  +1.00000000e+00
   663 0  +6.53982489e-01  +9.77547141e-01
   664 0  +7.44635750e-01  +9.68424601e-01
   665 0  +8.35618616e-01  +9.63592138e-01
   666 0  +9.23285445e-01  +9.88406682e-01
   667 1  +9.57356497e-01  +1.00000000e+00
   668 1  +0.00000000e+00  +7.54589259e-01
   669 0  +8.21240220e-02  +7.94046573e-01
   670 0  +1.51598735e-01  +8.52991452e-01
   671 0  +2.24639533e-01  +9.07454984e-01
   672 0  +2.96188918e-01  +9.63863496e-01
   673 1  +3.33588741e-01  +1.00000000e+00
   674 1  +0.00000000e+00  +3.46591969e-01
   675 0  +5.51522371e-02  +4.19114140e-01
   676 0  +1.29935897e-01  +4.71158724e-01
   677 0  +1.89795877e-01  +5.39846550e-01
   678 0  +2.46487738e-01  +6.11171633e-01
   679 0  +3.08264919e-01  +6.78140390e-01
   680 0  +3.56042868e-01  +7.55719396e-01
   681 0  +4.03692197e-01  +8.33377467e-01
   682 0  +4.50912072e-01  +9.11297413e-01
   683 0  +5.14320684e-01  +9.76723574e-01
   684 1  +5.40854695e-01  +1.00000000e+00
   685 1  +0.00000000e+00  +9.28401191e-01
   686 0  +9.10255169e-02  +9.32349589e-01
   687 0  +1.81277220e-01  +9.44834163e-01
   688 0  +2.71970099e-01  +9.53554047e-01
   689 0  +3.54250508e-01  +9.92684199e-01
   690 1  +3.91525440e-01  +1.00000000e+00
   691 1  +7.49826451e-01  +0.00000000e+00
   692 0  +6.91678990e-01  +7.01434767e-02
   693 0  +6.21183555e-01  +1.27863734e-01
   694 0  +5.39996146e-01  +1.69213936e-01
   695 0  +4.51507261e-01  +1.90915361e-01
   696 0  +3.73862589e-01  +2.38586520e-01
   697 0  +3.15005795e-01  +3.08135873e-01
   698 0  +2.61754705e-01  +3.82065272e-01
   699 0  +2.05575008e-01  +4.53794458e-01
   700 0  +1.70998706e-01  +5.38089855e-01
   701 0  +1.18231161e-01  +6.12365159e-01
   702 0  +6.44801752e-02  +6.85931904e-01
   703 0  +2.16419843e-02  +7.66344117e-01
   704 1  -1.73472348e-17  +8.16859633e-01
   705 1  +1.00000000e+00  +7.61654720e-01
   706 0  +9.32459629e-01  +7.00503001e-01
   707 0  +8.49819214e-01  +6.62139002e-01
   708 0  +7.60327400e-01  +6.45037835e-01
   709 0  +6.71006420e-01  +6.27065715e-01
   710 0  +5.80036244e-01  +6.21999991e-01
   711 0  +4.93393278e-01  +5.93817886e-01
   712 0  +4.11820656e-01  +5.53232890e-01
   713 0  +3.21315618e-01  +5.42741340e-01
   714 0  +2.33641083e-01  +5.17954034e-01
   715 0  +1.42939230e-01  +5.09328002e-01
   716 0  +5.94300714e-02  +4.72893746e-01
   717 1  -3.74700271e-16  +4.26327628e-01
   718 1  +1.00000000e+00  +8.00821697e-01
   719 0  +9.94312073e-01  +8.91755091e-01
   720 1  +1.00000000e+00  +9.13795228e-01
   721 1  +1.00000000e+00  +7.81149289e-01
   722 0  +9.27394764e-01  +8.36192129e-01
   723 0  +8.74632887e-01  +9.10471460e-01
   724 0  +8.00450343e-01  +9.63369330e-01
   725 1  +7.17732958e-01  +1.00000000e+00
   726 1  +8.70291837e-01  +0.00000000e+00
   727 0  +9.01265486e-01  +8.56846989e-02
   728 0  +9.06461606e-01  +1.76647520e-01
   729 0  +9.26310128e-01  +2.65570356e-01
   730 0  +9.41712004e-01  +3.55370227e-01
   731 0  +9.77031335e-01  +4.39357008e-01
   732 0  +9.95192212e-01  +5.28639801e-01
   733 1  +1.00000000e+00  +5.53879277e-01
   734 1  +0.00000000e+00  +1.25590689e-01
   735 0  +3.76431349e-02  +4.26194349e-02
   736 1  +5.73142053e-02  -1.38777878e-17
   737 1  +0.00000000e+00  +1.46066048e-01
   738 0  +9.01607738e-02  +1.32940902e-01
   739 0  +1.81113802e-01  +1.27576091e-01
   740 0  +2.69301296e-01  +1.50471517e-01
   741 0  +3.56922793e-01  +1.75445660e-01
   742 0  +4.36238896e-01  +2.20280807e-01
   743 0  +5.18149571e-01  +2.60179127e-01
   744 0  +6.01823762e-01  +2.96232757e-01
   745 0  +6.87999173e-01  +3.25813717e-01
   746 0  +7.73900103e-01  +3.56182530e-01
   747 0  +8.63893698e-01  +3.70408822e-01
   748 0  +9.52778297e-01  +3.90427876e-01
   749 1  +1.00000000e+00  +3.87963770e-01
   750 1  +7.79492185e-01  +0.00000000e+00
   751 0  +7.21324251e-01  +7.01264994e-02
   752 0  +6.49874505e-01  +1.26661165e-01
   753 0  +5.92767404e-01  +1.97654219e-01
   754 0  +5.20662836e-01  +2.53351308e-01
   755 0  +4.53408323e-01  +3.14817275e-01
   756 0  +3.71256880e-01  +3.54217463e-01
   757 0  +2.80673174e-01  +3.64006579e-01
   758 0  +1.89637604e-01  +3.67715985e-01
   759 0  +9.95330756e-02  +3.54210116e-01
   760 0  +8.47117836e-03  +3.57204351e-01
   761 1  +1.68268177e-16  +3.56507918e-01
   762 1  +0.00000000e+00  +7.27888486e-01
   763 0  +8.87542836e-02  +7.48477602e-01
   764 0  +1.75278738e-01  +7.77021486e-01
   765 0  +2.63651026e-01  +7.99192940e-01
   766 0  +3.52426413e-01  +8.19690873e-01
   767 0  +4.36749858e-01  +8.54198715e-01
   768 0  +5.23652393e-01  +8.81569941e-01
   769 0  +6.12666353e-01  +9.01005719e-01
   770 0  +7.03031518e-01  +9.12640644e-01
   771 0  +7.94015353e-01  +9.17454830e-01
   772 0  +8.80808456e-01  +9.45171104e-01
   773 0  +9.65420613e-01  +9.78964854e-01
   774 1  +1.00000000e+00  +9.96586126e-01
   775 1  +4.96173036e-01  +1.00000000e+00
   776 0  +4.31901938e-01  +9.35420897e-01
   777 0  +3.68455504e-01  +8.70031413e-01
   778 0  +3.21298139e-01  +7.92073620e-01
   779 0  +2.87006496e-01  +7.07662023e-01
   780 0  +2.44238668e-01  +6.27212365e-01
   781 0  +1.84007442e-01  +5.58849846e-01
   782 0  +1.18598396e-01  +4.95423580e-01
   783 0  +4.16325272e-02  +4.46664071e-01
   784 1  -3.46944695e-16  +4.29803884e-01
   785 1  +1.86842692e-01  +1.00000000e+00
   786 0  +1.74505534e-01  +9.09728027e-01
   787 0  +1.73462032e-01  +8.18622892e-01
   788 0  +1.70482571e-01  +7.27560510e-01
   789 0  +1.72691097e-01  +6.36476170e-01
   790 0  +1.81761049e-01  +5.45817632e-01
   791 0  +1.73201668e-01  +4.55109465e-01
   792 0  +1.58846142e-01  +3.65136394e-01
   793 0  +1.52994000e-01  +2.74213421e-01
   794 0  +1.39924183e-01  +1.84044610e-01
   795 0  +1.46335726e-01  +9.31593713e-02
   796 0  +1.40645728e-01  +2.22610741e-03
   797 1  +1.40567609e-01  -3.38271078e-17
   798 1  +0.00000000e+00  +6.03068920e-01
   799 0  +6.76031522e-02  +6.64151228e-01
   800 0  +1.24549947e-01  +7.35272934e-01
   801 0  +1.74253508e-01  +8.11632548e-01
   802 0  +2.32607135e-01  +8.81604605e-01
   803 0  +2.74748719e-01  +9.62384067e-01
   804 1  +2.94556213e-01  +1.00000000e+00
   805 1  +7.08355326e-01  +1.00000000e+00
   806 0  +7.43172073e-01  +9.15803630e-01
   807 0  +8.02156115e-01  +8.46362163e-01
   808 0  +8.49252521e-01  +7.68367527e-01
   809 0  +9.05650133e-01  +6.96809552e-01
   810 0  +9.34863658e-01  +6.10508888e-01
   811 0  +9.54431950e-01  +5.21523965e-01
   812 0  +9.67482928e-01  +4.31352426e-01
   813 1  +1.00000000e+00  +3.47798121e-01
   814 1  +5.28696438e-01  +1.00000000e+00
   815 0  +6.15606236e-01  +9.72651845e-01
   816 0  +7.00819882e-01  +9.40404843e-01
   817 0  +7.91751779e-01  +9.34693035e-01
   818 0  +8.80803678e-01  +9.15431835e-01
   819 0  +9.71904688e-01  +9.14075163e-01
   820 1  +1.00000000e+00  +9.06409503e-01
   821 1  +0.00000000e+00  +2.54343101e-01
   822 0  +2.73561491e-02  +1.67435819e-01
   823 0  +6.92983419e-02  +8.65526496e-02
   824 0  +1.06657098e-01  +3.45296291e-03
   825 1  +1.08606108e-01  -2.51534904e-17
   826 1  +2.32042057e-01  +1.00000000e+00
   827 0  +1.50514993e-01  +9.59323564e-01
   828 0  +7.55947189e-02  +9.07475834e-01
   829 1  +4.16333634e-17  +8.81558788e-01
   830 1  +0.00000000e+00  +1.98114884e-01
   831 0  +2.19616710e-02  +2.86539539e-01
   832 0  +2.48493965e-02  +3.77604876e-01
   833 0  +2.27228212e-02  +4.68691166e-01
   834 0  +1.01477558e-03  +5.57178427e-01
   835 1  -6.87384177e-17  +5.63151069e-01
   836 1  +1.00000000e+00  +9.54268338e-02
   837 0  +9.09408761e-01  +1.05145991e-01
   838 0  +8.19799871e-01  +8.86693018e-02
   839 0  +7.29534851e-01  +7.62813708e-02
   840 0  +6.41695177e-01  +5.20857880e-02
   841 0  +5.50742985e-01  +4.67068137e-02
   842 0  +4.59797533e-01  +5.21985652e-02
   843 0  +3.68701875e-01  +5.05205703e-02
   844 0  +2.80681413e-01  +7.40499719e-02
   845 0  +1.96994128e-01  +1.10073199e-01
   846 0  +1.18514127e-01  +1.56356285e-01
   847 0  +4.59724580e-02  +2.11482874e-01
   848 1  -1.45716772e-16  +2.41278817e-01
   849 1  +1.72230856e-01  +1.00000000e+00
   850 0  +9.19132909e-02  +9.56984616e-01
   851 0  +5.58408523e-03  +9.27855544e-01
   852 1  -4.51028104e-17  +9.27175142e-01
   853 1  +0.00000000e+00  +1.87526398e-01
   854 0  +8.41935279e-02  +1.52702779e-01
   855 0  +1.74856752e-01  +1.43679787e-01
   856 0  +2.57576784e-01  +1.05487760e-01
   857 0  +3.44599000e-01  +7.84994569e-02
   858 0  +4.34175935e-01  +6.18499179e-02
   859 0  +5.25281151e-01  +6.28863477e-02
   860 0  +6.14424582e-01  +8.17193838e-02
   861 0  +7.03206061e-01  +1.02190917e-01
   862 0  +7.83926876e-01  +1.44444729e-01
   863 0  +8.47056524e-01  +2.10140102e-01
   864 0  +8.87473676e-01  +2.91796017e-01
   865 0  +9.31525910e-01  +3.71549608e-01
   866 0  +9.63085529e-01  +4.57020216e-01
   867 0  +9.99127752e-01  +5.40699322e-01
   868 1  +1.00000000e+00  +5.43168547e-01
   869 1  +0.00000000e+00  +6.73542911e-01
   870 0  +7.85881722e-02  +7.19642084e-01
   871 0  +1.64206524e-01  +7.50798664e-01
   872 0  +2.50604943e-01  +7.79721799e-01
   873 0  +3.35647892e-01  +8.12416314e-01
   874 0  +4.24957841e-01  +8.30443174e-01
   875 0  +5.15702295e-01  +8.22277473e-01
   876 0  +6.05327412e-01  +8.38665669e-01
   877 0  +6.94414447e-01  +8.57763699e-01
   878 0  +7.85116468e-01  +8.66387965e-01
   879 0  +8.75513453e-01  +8.55002904e-01
   880 0  +9.62133608e-01  +8.26750767e-01
   881 1  +1.00000000e+00  +8.03488642e-01
   882 1  +0.00000000e+00  +9.04866018e-01
   883 0  +5.62414883e-02  +8.33185270e-01
   884 0  +1.31403383e-01  +7.81688434e-01
   885 0  +2.12267875e-01  +7.39710243e-01
   886 0  +3.00662708e-01  +7.17628846e-01
   887 0  +3.90529871e-01  +7.02624593e-01
   888 0  +4.76518502e-01  +6.72505001e-01
   889 0  +5.54220731e-01  +6.24927714e-01
   890 0  +6.38384059e-01  +5.90031172e-01
   891 0  +7.23038742e-01  +5.56344092e-01
   892 0  +7.92442761e-01  +4.97315991e-01
   893 0  +8.72741320e-01  +4.54265138e-01
   894 0  +9.61656381e-01  +4.34381818e-01
   895 1  +1.00000000e+00  +4.10793400e-01
   896 1  +3.12817241e-01  +1.00000000e+00
   897 0  +2.61045899e-01  +9.25026920e-01
   898 0  +2.19675359e-01  +8.43849873e-01
   899 0  +1.66348670e-01  +7.69974987e-01
   900 0  +1.38457134e-01  +6.83238047e-01
   901 0  +9.99362636e-02  +6.00670637e-01
   902 0  +4.50776953e-02  +5.27926070e-01
   903 0  +7.70101147e-03  +4.44834445e-01
   904 1  -5.20417043e-17  +4.30221232e-01
   905 1  +0.00000000e+00  +8.02393429e-03
   906 0  +7.60424899e-02  +5.82113262e-02
   907 0  +1.33376486e-01  +1.29021265e-01
   908 0  +1.81825722e-01  +2.06182823e-01
   909 0  +2.37341281e-01  +2.78427251e-01
   910 0  +3.03635247e-01  +3.40928008e-01
   911 0  +3.69573623e-01  +4.03803799e-01
   912 0  +4.29815366e-01  +4.72157051e-01
   913 0  +4.88941489e-01  +5.41477583e-01
   914 0  +5.40514839e-01  +6.16586997e-01
   915 0  +6.09728964e-01  +6.75837646e-01
   916 0  +6.58892154e-01  +7.52546286e-01
   917 0  +7.30071714e-01  +8.09420752e-01
   918 0  +7.94753987e-01  +8.73588018e-01
   919 0  +8.66439667e-01  +9.29823220e-01
   920 0  +9.29104855e-01  +9.95961777e-01
   921 1  +9.35071339e-01  +1.00000000e+00
   922 1  +7.55425892e-01  +1.00000000e+00
   923 0  +7.28866228e-01  +9.12846005e-01
   924 0  +7.11188364e-01  +8.23466322e-01
   925 0  +7.12101165e-01  +7.32359784e-01
   926 0  +6.96005217e-01  +6.42681721e-01
   927 0  +6.88057007e-01  +5.51917958e-01
   928 0  +7.01366645e-01  +4.61784235e-01
   929 0  +7.05025959e-01  +3.70746638e-01
   930 0  +7.36497252e-01  +2.85243467e-01
   931 0  +7.77964768e-01  +2.04115915e-01
   932 0  +8.03860232e-01  +1.16762269e-01
   933 0  +8.14002174e-01  +2.62173874e-02
   934 1  +8.18203737e-01  -2.15105711e-16
   935 1  +0.00000000e+00  +8.32154249e-01
   936 0  +2.07635744e-02  +7.43440617e-01
   937 0  +5.30993920e-02  +6.58260634e-01
   938 0  +5.70544348e-02  +5.67235405e-01
   939 0  +3.53652205e-02  +4.78743527e-01
   940 0  +2.24795000e-02  +3.88548223e-01
   941 0  +1.33925755e-02  +2.97891385e-01
   942 0  +1.18411742e-02  +2.06793483e-01
   943 1  -1.61329283e-16  +1.35945908e-01
   944 1  +4.74761818e-01  +1.00000000e+00
   945 0  +5.64335638e-01  +9.83333706e-01
   946 0  +6.54881680e-01  +9.93465276e-01
   947 1  +6.72063257e-01  +1.00000000e+00
   948 1  +1.00000000e+00  +4.27439099e-01
   949 0  +9.81183041e-01  +3.38292273e-01
   950 0  +9.68392045e-01  +2.48083487e-01
   951 0  +9.37791044e-01  +1.62264997e-01
   952 0  +9.13826900e-01  +7.43619007e-02
   953 1  +9.16359596e-01  -2.22044605e-16
   954 1  +4.21520033e-01  +1.00000000e+00
   955 0  +3.34763797e-01  +9.72168539e-01
   956 0  +2.53187056e-01  +9.31591825e-01
   957 0  +1.68076113e-01  +8.99074721e-01
   958 0  +8.51506199e-02  +8.61330886e-01
   959 1  -1.38777878e-17  +8.45283102e-01
*Segmentos 
860
     0     0     1
     1     1     2
     2     2     3
     3     3     4
     4     5     6
     5     6     7
     6     7     8
     7     8     9
     8     9    10
     9    10    11
    10    11    12
    11    12    13
    12    13    14
    13    14    15
    14    15    16
    15    16    17
    16    17    18
    17    18    19
    18    20    21
    19    21    22
    20    23    24
    21    24    25
    22    25    26
    23    26    27
    24    27    28
    25    28    29
    26    29    30
    27    30    31
    28    31    32
    29    32    33
    30    33    34
    31    34    35
    32    35    36
    33    36    37
    34    37    38
    35    39    40
    36    40    41
    37    42    43
    38    43    44
    39    45    46
    40    46    47
    41    47    48
    42    48    49
    43    49    50
    44    50    51
    45    51    52
    46    52    53
    47    53    54
    48    54    55
    49    55    56
    50    56    57
    51    57    58
    52    58    59
    53    60    61
    54    61    62
    55    62    63
    56    63    64
    57    64    65
    58    65    66
    59    66    67
    60    67    68
    61    68    69
    62    69    70
    63    70    71
    64    71    72
    65    72    73
    66    74    75
    67    75    76
    68    76    77
    69    77    78
    70    78    79
    71    79    80
    72    81    82
    73    82    83
    74    83    84
    75    84    85
    76    85    86
    77    86    87
    78    87    88
    79    88    89
    80    89    90
    81    90    91
    82    91    92
    83    92    93
    84    94    95
    85    95    96
    86    96    97
    87    97    98
    88    98    99
    89    99   100
    90   100   101
    91   101   102
    92   102   103
    93   103   104
    94   104   105
    95   105   106
    96   107   108
    97   108   109
    98   109   110
    99   110   111
   100   111   112
   101   112   113
   102   113   114
   103   114   115
   104   115   116
   105   116   117
   106   117   118
   107   118   119
   108   120   121
   109   121   122
   110   122   123
   111   123   124
   112   124   125
   113   125   126
   114   126   127
   115   127   128
   116   128   129
   117   129   130
   118   131   132
   119   132   133
   120   133   134
   121   134   135
   122   135   136
   123   136   137
   124   137   138
   125   138   139
   126   139   140
   127   140   141
   128   141   142
   129   142   143
   130   144   145
   131   145   146
   132   146   147
   133   147   148
   134   148   149
   135   149   150
   136   150   151
   137   151   152
   138   152   153
   139   153   154
   140   154   155
   141   155   156
   142   156   157
   143   158   159
   144   159   160
   145   160   161
   146   162   163
   147   164   165
   148   165   166
   149   166   167
   150   167   168
   151   168   169
   152   169   170
   153   170   171
   154   171   172
   155   173   174
   156   174   175
   157   175   176
   158   176   177
   159   177   178
   160   178   179
   161   179   180
   162   181   182
   163   182   183
   164   183   184
   165   184   185
   166   185   186
   167   186   187
   168   187   188
   169   188   189
   170   189   190
   171   190   191
   172   191   192
   173   193   194
   174   194   195
   175   195   196
   176   196   197
   177   197   198
   178   198   199
   179   199   200
   180   200   201
   181   201   202
   182   202   203
   183   203   204
   184   204   205
   185   205   206
   186   207   208
   187   208   209
   188   209   210
   189   210   211
   190   211   212
   191   212   213
   192   213   214
   193   214   215
   194   215   216
   195   216   217
   196   217   218
   197   218   219
   198   220   221
   199   221   222
   200   222   223
   201   223   224
   202   224   225
   203   225   226
   204   226   227
   205   227   228
   206   228   229
   207   229   230
   208   230   231
   209   231   232
   210   232   233
   211   234   235
   212   235   236
   213   236   237
   214   237   238
   215   238   239
   216   239   240
   217   240   241
   218   241   242
   219   242   243
   220   243   244
   221   244   245
   222   245   246
   223   246   247
   224   247   248
   225   249   250
   226   250   251
   227   251   252
   228   252   253
   229   253   254
   230   254   255
   231   255   256
   232   256   257
   233   257   258
   234   258   259
   235   259   260
   236   260   261
   237   261   262
   238   263   264
   239   264   265
   240   265   266
   241   266   267
   242   267   268
   243   268   269
   244   269   270
   245   271   272
   246   272   273
   247   273   274
   248   275   276
   249   276   277
   250   278   279
   251   279   280
   252   280   281
   253   281   282
   254   282   283
   255   283   284
   256   284   285
   257   285   286
   258   286   287
   259   287   288
   260   289   290
   261   290   291
   262   291   292
   263   292   293
   264   293   294
   265   294   295
   266   296   297
   267   297   298
   268   298   299
   269   299   300
   270   300   301
   271   301   302
   272   302   303
   273   303   304
   274   304   305
   275   305   306
   276   306   307
   277   308   309
   278   309   310
   279   310   311
   280   311   312
   281   313   314
   282   314   315
   283   315   316
   284   316   317
   285   317   318
   286   318   319
   287   320   321
   288   321   322
   289   322   323
   290   323   324
   291   325   326
   292   326   327
   293   327   328
   294   328   329
   295   329   330
   296   330   331
   297   331   332
   298   332   333
   299   333   334
   300   334   335
   301   335   336
   302   336   337
   303   338   339
   304   339   340
   305   340   341
   306   341   342
   307   342   343
   308   343   344
   309   344   345
   310   345   346
   311   346   347
   312   347   348
   313   349   350
   314   350   351
   315   351   352
   316   352   353
   317   353   354
   318   354   355
   319   355   356
   320   356   357
   321   357   358
   322   358   359
   323   359   360
   324   360   361
   325   361   362
   326   362   363
   327   364   365
   328   365   366
   329   366   367
   330   367   368
   331   368   369
   332   369   370
   333   370   371
   334   371   372
   335   372   373
   336   373   374
   337   374   375
   338   375   376
   339   376   377
   340   378   379
   341   379   380
   342   380   381
   343   381   382
   344   382   383
   345   383   384
   346   384   385
   347   385   386
   348   386   387
   349   387   388
   350   388   389
   351   389   390
   352   390   391
   353   391   392
   354   392   393
   355   394   395
   356   395   396
   357   396   397
   358   397   398
   359   398   399
   360   399   400
   361   400   401
   362   401   402
   363   402   403
   364   403   404
   365   405   406
   366   407   408
   367   408   409
   368   409   410
   369   410   411
   370   411   412
   371   412   413
   372   413   414
   373   414   415
   374   415   416
   375   416   417
   376   417   418
   377   418   419
   378   420   421
   379   421   422
   380   422   423
   381   423   424
   382   424   425
   383   425   426
   384   426   427
   385   427   428
   386   428   429
   387   429   430
   388   431   432
   389   432   433
   390   433   434
   391   434   435
   392   435   436
   393   436   437
   394   437   438
   395   438   439
   396   439   440
   397   441   442
   398   442   443
   399   443   444
   400   444   445
   401   445   446
   402   446   447
   403   447   448
   404   449   450
   405   450   451
   406   451   452
   407   452   453
   408   454   455
   409   455   456
   410   456   457
   411   457   458
   412   458   459
   413   459   460
   414   460   461
   415   461   462
   416   462   463
   417   463   464
   418   465   466
   419   466   467
   420   467   468
   421   468   469
   422   470   471
   423   471   472
   424   472   473
   425   473   474
   426   474   475
   427   475   476
   428   476   477
   429   477   478
   430   479   480
   431   480   481
   432   481   482
   433   482   483
   434   483   484
   435   484   485
   436   485   486
   437   486   487
   438   487   488
   439   488   489
   440   489   490
   441   490   491
   442   491   492
   443   492   493
   444   494   495
   445   495   496
   446   496   497
   447   497   498
   448   498   499
   449   499   500
   450   500   501
   451   501   502
   452   502   503
   453   504   505
   454   505   506
   455   506   507
   456   508   509
   457   509   510
   458   510   511
   459   511   512
   460   512   513
   461   513   514
   462   514   515
   463   515   516
   464   516   517
   465   517   518
   466   518   519
   467   519   520
   468   521   522
   469   522   523
   470   523   524
   471   524   525
   472   525   526
   473   526   527
   474   527   528
   475   528   529
   476   529   530
   477   531   532
   478   532   533
   479   533   534
   480   534   535
   481   535   536
   482   536   537
   483   537   538
   484   538   539
   485   539   540
   486   540   541
   487   541   542
   488   542   543
   489   544   545
   490   545   546
   491   546   547
   492   547   548
   493   548   549
   494   549   550
   495   550   551
   496   552   553
   497   553   554
   498   554   555
   499   555   556
   500   556   557
   501   557   558
   502   558   559
   503   559   560
   504   560   561
   505   562   563
   506   563   564
   507   564   565
   508   565   566
   509   566   567
   510   567   568
   511   568   569
   512   569   570
   513   570   571
   514   571   572
   515   573   574
   516   574   575
   517   575   576
   518   576   577
   519   577   578
   520   578   579
   521   579   580
   522   580   581
   523   581   582
   524   582   583
   525   584   585
   526   585   586
   527   586   587
   528   587   588
   529   588   589
   530   589   590
   531   590   591
   532   591   592
   533   592   593
   534   593   594
   535   594   595
   536   595   596
   537   596   597
   538   598   599
   539   600   601
   540   601   602
   541   602   603
   542   603   604
   543   604   605
   544   605   606
   545   606   607
   546   607   608
   547   608   609
   548   609   610
   549   610   611
   550   611   612
   551   613   614
   552   614   615
   553   615   616
   554   616   617
   555   617   618
   556   618   619
   557   619   620
   558   620   621
   559   621   622
   560   622   623
   561   623   624
   562   624   625
   563   626   627
   564   627   628
   565   628   629
   566   629   630
   567   630   631
   568   631   632
   569   632   633
   570   633   634
   571   634   635
   572   635   636
   573   636   637
   574   637   638
   575   639   640
   576   640   641
   577   641   642
   578   642   643
   579   643   644
   580   644   645
   581   646   647
   582   647   648
   583   648   649
   584   649   650
   585   650   651
   586   651   652
   587   652   653
   588   653   654
   589   654   655
   590   656   657
   591   657   658
   592   658   659
   593   659   660
   594   660   661
   595   662   663
   596   663   664
   597   664   665
   598   665   666
   599   666   667
   600   668   669
   601   669   670
   602   670   671
   603   671   672
   604   672   673
   605   674   675
   606   675   676
   607   676   677
   608   677   678
   609   678   679
   610   679   680
   611   680   681
   612   681   682
   613   682   683
   614   683   684
   615   685   686
   616   686   687
   617   687   688
   618   688   689
   619   689   690
   620   691   692
   621   692   693
   622   693   694
   623   694   695
   624   695   696
   625   696   697
   626   697   698
   627   698   699
   628   699   700
   629   700   701
   630   701   702
   631   702   703
   632   703   704
   633   705   706
   634   706   707
   635   707   708
   636   708   709
   637   709   710
   638   710   711
   639   711   712
   640   712   713
   641   713   714
   642   714   715
   643   715   716
   644   716   717
   645   718   719
   646   719   720
   647   721   722
   648   722   723
   649   723   724
   650   724   725
   651   726   727
   652   727   728
   653   728   729
   654   729   730
   655   730   731
   656   731   732
   657   732   733
   658   734   735
   659   735   736
   660   737   738
   661   738   739
   662   739   740
   663   740   741
   664   741   742
   665   742   743
   666   743   744
   667   744   745
   668   745   746
   669   746   747
   670   747   748
   671   748   749
   672   750   751
   673   751   752
   674   752   753
   675   753   754
   676   754   755
   677   755   756
   678   756   757
   679   757   758
   680   758   759
   681   759   760
   682   760   761
   683   762   763
   684   763   764
   685   764   765
   686   765   766
   687   766   767
   688   767   768
   689   768   769
   690   769   770
   691   770   771
   692   771   772
   693   772   773
   694   773   774
   695   775   776
   696   776   777
   697   777   778
   698   778   779
   699   779   780
   700   780   781
   701   781   782
   702   782   783
   703   783   784
   704   785   786
   705   786   787
   706   787   788
   707   788   789
   708   789   790
   709   790   791
   710   791   792
   711   792   793
   712   793   794
   713   794   795
   714   795   796
   715   796   797
   716   798   799
   717   799   800
   718   800   801
   719   801   802
   720   802   803
   721   803   804
   722   805   806
   723   806   807
   724   807   808
   725   808   809
   726   809   810
   727   810   811
   728   811   812
   729   812   813
   730   814   815
   731   815   816
   732   816   817
   733   817   818
   734   818   819
   735   819   820
   736   821   822
   737   822   823
   738   823   824
   739   824   825
   740   826   827
   741   827   828
   742   828   829
   743   830   831
   744   831   832
   745   832   833
   746   833   834
   747   834   835
   748   836   837
   749   837   838
   750   838   839
   751   839   840
   752   840   841
   753   841   842
   754   842   843
   755   843   844
   756   844   845
   757   845   846
   758   846   847
   759   847   848
   760   849   850
   761   850   851
   762   851   852
   763   853   854
   764   854   855
   765   855   856
   766   856   857
   767   857   858
   768   858   859
   769   859   860
   770   860   861
   771   861   862
   772   862   863
   773   863   864
   774   864   865
   775   865   866
   776   866   867
   777   867   868
   778   869   870
   779   870   871
   780   871   872
   781   872   873
   782   873   874
   783   874   875
   784   875   876
   785   876   877
   786   877   878
   787   878   879
   788   879   880
   789   880   881
   790   882   883
   791   883   884
   792   884   885
   793   885   886
   794   886   887
   795   887   888
   796   888   889
   797   889   890
   798   890   891
   799   891   892
   800   892   893
   801   893   894
   802   894   895
   803   896   897
   804   897   898
   805   898   899
   806   899   900
   807   900   901
   808   901   902
   809   902   903
   810   903   904
   811   905   906
   812   906   907
   813   907   908
   814   908   909
   815   909   910
   816   910   911
   817   911   912
   818   912   913
   819   913   914
   820   914   915
   821   915   916
   822   916   917
   823   917   918
   824   918   919
   825   919   920
   826   920   921
   827   922   923
   828   923   924
   829   924   925
   830   925   926
   831   926   927
   832   927   928
   833   928   929
   834   929   930
   835   930   931
   836   931   932
   837   932   933
   838   933   934
   839   935   936
   840   936   937
   841   937   938
   842   938   939
   843   939   940
   844   940   941
   845   941   942
   846   942   943
   847   944   945
   848   945   946
   849   946   947
   850   948   949
   851   949   950
   852   950   951
   853   951   952
   854   952   953
   855   954   955
   856   955   956
   857   956   957
   858   957   958
   859   958   959
*Fibras 
100
     0     0     1     2     3
     1     4     5     6     7     8     9    10    11    12    13    14    15    16    17
     2    18    19
     3    20    21    22    23    24    25    26    27    28    29    30    31    32    33    34
     4    35    36
     5    37    38
     6    39    40    41    42    43    44    45    46    47    48    49    50    51    52
     7    53    54    55    56    57    58    59    60    61    62    63    64    65
     8    66    67    68    69    70    71
     9    72    73    74    75    76    77    78    79    80    81    82    83
    10    84    85    86    87    88    89    90    91    92    93    94    95
    11    96    97    98    99   100   101   102   103   104   105   106   107
    12   108   109   110   111   112   113   114   115   116   117
    13   118   119   120   121   122   123   124   125   126   127   128   129
    14   130   131   132   133   134   135   136   137   138   139   140   141   142
    15   143   144   145
    16   146
    17   147   148   149   150   151   152   153   154
    18   155   156   157   158   159   160   161
    19   162   163   164   165   166   167   168   169   170   171   172
    20   173   174   175   176   177   178   179   180   181   182   183   184   185
    21   186   187   188   189   190   191   192   193   194   195   196   197
    22   198   199   200   201   202   203   204   205   206   207   208   209   210
    23   211   212   213   214   215   216   217   218   219   220   221   222   223   224
    24   225   226   227   228   229   230   231   232   233   234   235   236   237
    25   238   239   240   241   242   243   244
    26   245   246   247
    27   248   249
    28   250   251   252   253   254   255   256   257   258   259
    29   260   261   262   263   264   265
    30   266   267   268   269   270   271   272   273   274   275   276
    31   277   278   279   280
    32   281   282   283   284   285   286
    33   287   288   289   290
    34   291   292   293   294   295   296   297   298   299   300   301   302
    35   303   304   305   306   307   308   309   310   311   312
    36   313   314   315   316   317   318   319   320   321   322   323   324   325   326
    37   327   328   329   330   331   332   333   334   335   336   337   338   339
    38   340   341   342   343   344   345   346   347   348   349   350   351   352   353   354
    39   355   356   357   358   359   360   361   362   363   364
    40   365
    41   366   367   368   369   370   371   372   373   374   375   376   377
    42   378   379   380   381   382   383   384   385   386   387
    43   388   389   390   391   392   393   394   395   396
    44   397   398   399   400   401   402   403
    45   404   405   406   407
    46   408   409   410   411   412   413   414   415   416   417
    47   418   419   420   421
    48   422   423   424   425   426   427   428   429
    49   430   431   432   433   434   435   436   437   438   439   440   441   442   443
    50   444   445   446   447   448   449   450   451   452
    51   453   454   455
    52   456   457   458   459   460   461   462   463   464   465   466   467
    53   468   469   470   471   472   473   474   475   476
    54   477   478   479   480   481   482   483   484   485   486   487   488
    55   489   490   491   492   493   494   495
    56   496   497   498   499   500   501   502   503   504
    57   505   506   507   508   509   510   511   512   513   514
    58   515   516   517   518   519   520   521   522   523   524
    59   525   526   527   528   529   530   531   532   533   534   535   536   537
    60   538
    61   539   540   541   542   543   544   545   546   547   548   549   550
    62   551   552   553   554   555   556   557   558   559   560   561   562
    63   563   564   565   566   567   568   569   570   571   572   573   574
    64   575   576   577   578   579   580
    65   581   582   583   584   585   586   587   588   589
    66   590   591   592   593   594
    67   595   596   597   598   599
    68   600   601   602   603   604
    69   605   606   607   608   609   610   611   612   613   614
    70   615   616   617   618   619
    71   620   621   622   623   624   625   626   627   628   629   630   631   632
    72   633   634   635   636   637   638   639   640   641   642   643   644
    73   645   646
    74   647   648   649   650
    75   651   652   653   654   655   656   657
    76   658   659
    77   660   661   662   663   664   665   666   667   668   669   670   671
    78   672   673   674   675   676   677   678   679   680   681   682
    79   683   684   685   686   687   688   689   690   691   692   693   694
    80   695   696   697   698   699   700   701   702   703
    81   704   705   706   707   708   709   710   711   712   713   714   715
    82   716   717   718   719   720   721
    83   722   723   724   725   726   727   728   729
    84   730   731   732   733   734   735
    85   736   737   738   739
    86   740   741   742
    87   743   744   745   746   747
    88   748   749   750   751   752   753   754   755   756   757   758   759
    89   760   761   762
    90   763   764   765   766   767   768   769   770   771   772   773   774   775   776   777
    91   778   779   780   781   782   783   784   785   786   787   788   789
    92   790   791   792   793   794   795   796   797   798   799   800   801   802
    93   803   804   805   806   807   808   809   810
    94   811   812   813   814   815   816   817   818   819   820   821   822   823   824   825   826
    95   827   828   829   830   831   832   833   834   835   836   837   838
    96   839   840   841   842   843   844   845   846
    97   847   848   849
    98   850   851   852   853   854
    99   855   856   857   858   859
