*Parametros (L) 
   1.00000000e+00
*Coordenadas 
1085
     0 1  +1.00000000e+00  +8.29890922e-01
     1 0  +9.68494459e-01  +9.05837579e-01
     2 0  +9.30476564e-01  +9.78742541e-01
     3 1  +9.24869812e-01  +1.00000000e+00
     4 1  +8.82353654e-01  +0.00000000e+00
     5 0  +8.17930540e-01  +5.10896871e-02
     6 0  +7.43079821e-01  +8.51170840e-02
     7 0  +6.73790682e-01  +1.29383426e-01
     8 0  +6.07833014e-01  +1.78475991e-01
     9 0  +5.31686210e-01  +2.09494664e-01
    10 0  +4.58235515e-01  +2.46447190e-01
    11 0  +3.84920641e-01  +2.83668461e-01
    12 0  +3.19843834e-01  +3.33922844e-01
    13 0  +2.48133852e-01  +3.74149357e-01
    14 0  +1.89417772e-01  +4.31707292e-01
    15 0  +1.28173492e-01  +4.86567404e-01
    16 0  +5.53242872e-02  +5.24692031e-01
    17 1  +9.02056208e-17  +5.34543562e-01
    18 1  +8.16181455e-01  +0.00000000e+00
    19 0  +7.57421021e-01  +5.75126528e-02
    20 0  +7.01755499e-01  +1.18025821e-01
    21 0  +6.28725220e-01  +1.55802429e-01
    22 0  +5.56896878e-01  +1.95817216e-01
    23 0  +4.83638161e-01  +2.33148893e-01
    24 0  +4.18041358e-01  +2.82722609e-01
    25 0  +3.62334581e-01  +3.43197801e-01
    26 0  +3.32321113e-01  +4.19746384e-01
    27 0  +2.97337737e-01  +4.94155101e-01
    28 0  +2.55579286e-01  +5.64983948e-01
    29 0  +2.15350912e-01  +6.36692886e-01
    30 0  +1.60125807e-01  +6.97608251e-01
    31 0  +9.57734415e-02  +7.48787024e-01
    32 0  +4.22701513e-02  +8.11220122e-01
    33 1  -2.08166817e-17  +8.74538535e-01
    34 1  +1.00000000e+00  +6.80085477e-02
    35 0  +9.17949499e-01  +6.26973212e-02
    36 0  +8.41676752e-01  +3.19896356e-02
    37 0  +7.65667260e-01  +6.35992277e-04
    38 1  +7.64764696e-01  -1.46475714e-16
    39 1  +0.00000000e+00  +1.42168628e-01
    40 0  +4.24221377e-02  +2.12601973e-01
    41 0  +8.17607701e-02  +2.84802844e-01
    42 0  +1.15690246e-01  +3.59698001e-01
    43 0  +1.65846656e-01  +4.24850347e-01
    44 0  +1.97139701e-01  +5.00884808e-01
    45 0  +2.49048696e-01  +5.64649611e-01
    46 0  +2.98200905e-01  +6.30562843e-01
    47 0  +3.64735896e-01  +6.78870076e-01
    48 0  +4.23169789e-01  +7.36714471e-01
    49 0  +4.96861911e-01  +7.73183156e-01
    50 0  +5.77303093e-01  +7.90204027e-01
    51 0  +6.45853663e-01  +8.35605714e-01
    52 0  +6.97104323e-01  +8.99900843e-01
    53 0  +7.42346725e-01  +9.68556643e-01
    54 1  +7.59795020e-01  +1.00000000e+00
    55 1  +9.18764421e-01  +0.00000000e+00
    56 0  +8.37994889e-01  +1.53875454e-02
    57 0  +7.67337933e-01  +5.74361887e-02
    58 0  +6.89656149e-01  +8.43812111e-02
    59 0  +6.24885609e-01  +1.35029715e-01
    60 0  +5.67017711e-01  +1.93440333e-01
    61 0  +5.23123035e-01  +2.62965517e-01
    62 0  +4.86086685e-01  +3.36373981e-01
    63 0  +4.64502455e-01  +4.15712590e-01
    64 0  +4.26377651e-01  +4.88561702e-01
    65 0  +3.70765816e-01  +5.49124212e-01
    66 0  +3.29858250e-01  +6.20447875e-01
    67 0  +2.66195611e-01  +6.72482115e-01
    68 0  +1.88220661e-01  +6.98566613e-01
    69 0  +1.08003358e-01  +7.16613169e-01
    70 0  +2.72241759e-02  +7.31949973e-01
    71 1  +6.93889390e-17  +7.49411474e-01
    72 1  +7.92832673e-01  +1.00000000e+00
    73 0  +7.89360249e-01  +9.17851135e-01
    74 0  +7.61900905e-01  +8.40349662e-01
    75 0  +7.22583757e-01  +7.68137089e-01
    76 0  +6.94349994e-01  +6.90914369e-01
    77 0  +6.42359607e-01  +6.27215912e-01
    78 0  +5.97425325e-01  +5.58358057e-01
    79 0  +5.38191759e-01  +5.01332813e-01
    80 0  +4.86538319e-01  +4.37360819e-01
    81 0  +4.62493161e-01  +3.58733062e-01
    82 0  +4.45963738e-01  +2.78189459e-01
    83 0  +4.41137341e-01  +1.96109012e-01
    84 0  +4.13699269e-01  +1.18600006e-01
    85 0  +3.69455551e-01  +4.92964187e-02
    86 1  +3.23176725e-01  -8.32667268e-17
    87 1  +0.00000000e+00  +9.56596833e-01
    88 0  +1.90542210e-02  +8.76612894e-01
    89 0  +5.57267141e-02  +8.03021983e-01
    90 0  +1.14650891e-01  +7.45677104e-01
    91 0  +1.88374745e-01  +7.09272610e-01
    92 0  +2.65780767e-01  +6.81545337e-01
    93 0  +3.34330407e-01  +6.36142246e-01
    94 0  +4.04326535e-01  +5.93002520e-01
    95 0  +4.85356248e-01  +5.79049768e-01
    96 0  +5.64557966e-01  +5.56968516e-01
    97 0  +6.42084116e-01  +5.29578921e-01
    98 0  +7.23844589e-01  +5.20877260e-01
    99 0  +8.05398255e-01  +5.31341174e-01
   100 0  +8.84789974e-01  +5.52729224e-01
   101 0  +9.63826069e-01  +5.75396149e-01
   102 1  +1.00000000e+00  +5.99022536e-01
   103 1  +2.65626551e-01  +1.00000000e+00
   104 0  +3.36288062e-01  +9.57959011e-01
   105 0  +3.91341615e-01  +8.96888559e-01
   106 0  +4.48951653e-01  +8.38223601e-01
   107 0  +4.81449095e-01  +7.62696056e-01
   108 0  +5.31498913e-01  +6.97461789e-01
   109 0  +5.90773629e-01  +6.40479319e-01
   110 0  +6.54740448e-01  +5.88819470e-01
   111 0  +7.14519088e-01  +5.32365879e-01
   112 0  +7.90436490e-01  +5.00789909e-01
   113 0  +8.69689692e-01  +4.78894161e-01
   114 0  +9.49724464e-01  +4.60054596e-01
   115 1  +1.00000000e+00  +4.54573919e-01
   116 1  +9.04845784e-02  +1.00000000e+00
   117 0  +1.59869066e-01  +9.55883261e-01
   118 0  +2.40342946e-01  +9.39017660e-01
   119 0  +3.14879891e-01  +9.04308329e-01
   120 0  +3.81462348e-01  +8.56066540e-01
   121 0  +4.47400303e-01  +8.06947501e-01
   122 0  +5.23315449e-01  +7.75366107e-01
   123 0  +6.04556463e-01  +7.62701532e-01
   124 0  +6.83821747e-01  +7.40849561e-01
   125 0  +7.65412091e-01  +7.30675595e-01
   126 0  +8.46896101e-01  +7.41668774e-01
   127 0  +9.27067742e-01  +7.23420437e-01
   128 1  +1.00000000e+00  +6.91045367e-01
   129 1  +7.57662753e-01  +0.00000000e+00
   130 0  +6.75666029e-01  +6.08532378e-03
   131 0  +5.98643036e-01  +3.48594847e-02
   132 0  +5.28349156e-01  +7.75123192e-02
   133 0  +4.76548247e-01  +1.41364959e-01
   134 0  +4.52108277e-01  +2.19870893e-01
   135 0  +4.03308689e-01  +2.86045617e-01
   136 0  +3.36133701e-01  +3.33458852e-01
   137 0  +2.68574127e-01  +3.80322460e-01
   138 0  +1.88846283e-01  +4.00421332e-01
   139 0  +1.15747732e-01  +4.38065663e-01
   140 0  +4.13318304e-02  +4.73033755e-01
   141 1  -3.40005801e-16  +4.83407847e-01
   142 1  +1.00000000e+00  +3.98034900e-01
   143 0  +9.39279702e-01  +3.42595390e-01
   144 0  +8.82519856e-01  +2.83107461e-01
   145 0  +8.35805700e-01  +2.15444462e-01
   146 0  +7.80862424e-01  +1.54274778e-01
   147 0  +7.16876133e-01  +1.02639050e-01
   148 0  +6.65007989e-01  +3.88410137e-02
   149 1  +6.38858373e-01  -1.87350135e-16
   150 1  +2.50935643e-01  +0.00000000e+00
   151 0  +2.78036113e-01  +7.76276907e-02
   152 0  +3.23639091e-01  +1.46044518e-01
   153 0  +3.68186977e-01  +2.15152981e-01
   154 0  +4.17126330e-01  +2.81224408e-01
   155 0  +4.78873683e-01  +3.35517670e-01
   156 0  +5.22659183e-01  +4.05111663e-01
   157 0  +5.87897207e-01  +4.55156583e-01
   158 0  +6.55201013e-01  +5.02386780e-01
   159 0  +7.19869631e-01  +5.53165356e-01
   160 0  +7.93847391e-01  +5.89051076e-01
   161 0  +8.49575150e-01  +6.49506933e-01
   162 0  +9.07365627e-01  +7.07994150e-01
   163 0  +9.81419776e-01  +7.43721965e-01
   164 1  +1.00000000e+00  +7.45779705e-01
   165 1  +4.26922897e-01  +1.00000000e+00
   166 0  +3.88140070e-01  +9.27499061e-01
   167 0  +3.30271854e-01  +8.69088759e-01
   168 0  +2.60824602e-01  +8.25070887e-01
   169 0  +1.94374060e-01  +7.76647553e-01
   170 0  +1.29599198e-01  +7.26004577e-01
   171 0  +7.15067731e-02  +6.67817258e-01
   172 0  +9.85123710e-03  +6.13419752e-01
   173 1  -2.06432094e-16  +6.07974987e-01
   174 1  +8.95087945e-01  +0.00000000e+00
   175 0  +8.13169188e-01  +7.05770176e-03
   176 0  +7.31250498e-01  +1.41161707e-02
   177 1  +6.62543321e-01  -1.47451495e-16
   178 1  +1.00000000e+00  +2.19268006e-01
   179 0  +9.50228055e-01  +1.53821483e-01
   180 0  +8.87609532e-01  +1.00535328e-01
   181 0  +8.19485690e-01  +5.44958239e-02
   182 1  +7.74876767e-01  -1.94289029e-16
   183 1  +1.04234925e-01  +1.00000000e+00
   184 0  +1.77072697e-01  +9.61853536e-01
   185 0  +2.58443332e-01  +9.50050417e-01
   186 0  +3.40190897e-01  +9.41228322e-01
   187 0  +4.20169252e-01  +9.60305969e-01
   188 0  +4.99160756e-01  +9.83127804e-01
   189 1  +5.22206755e-01  +1.00000000e+00
   190 1  +9.59954685e-01  +0.00000000e+00
   191 0  +8.84106996e-01  +3.17430591e-02
   192 0  +8.13298125e-01  +7.35353744e-02
   193 0  +7.48587135e-01  +1.24259940e-01
   194 0  +6.78466548e-01  +1.67197071e-01
   195 0  +6.03647235e-01  +2.01293467e-01
   196 0  +5.43432090e-01  +2.57281234e-01
   197 0  +4.93200347e-01  +3.22375519e-01
   198 0  +4.40318611e-01  +3.85335949e-01
   199 0  +3.95920809e-01  +4.54540928e-01
   200 0  +3.42997687e-01  +5.17466574e-01
   201 0  +2.81042360e-01  +5.71522391e-01
   202 0  +2.11203067e-01  +6.14915558e-01
   203 0  +1.35876005e-01  +6.47875040e-01
   204 0  +5.38814247e-02  +6.53989175e-01
   205 1  -2.22044605e-16  +6.49434313e-01
   206 1  +1.68810529e-01  +1.00000000e+00
   207 0  +8.92871752e-02  +9.79106700e-01
   208 0  +7.71329106e-03  +9.89411808e-01
   209 1  +0.00000000e+00  +9.92426526e-01
   210 1  +1.00000000e+00  +9.77690208e-01
   211 1  +9.93539267e-01  +1.00000000e+00
   212 1  +1.00000000e+00  +7.40026445e-02
   213 0  +9.75069349e-01  +1.52354138e-01
   214 0  +9.44187032e-01  +2.28556344e-01
   215 0  +9.23041566e-01  +3.08013019e-01
   216 0  +8.96386141e-01  +3.85794650e-01
   217 0  +8.64693766e-01  +4.61663531e-01
   218 0  +8.33161939e-01  +5.37599279e-01
   219 0  +7.90391004e-01  +6.07821362e-01
   220 0  +7.40088110e-01  +6.72860678e-01
   221 0  +7.06231971e-01  +7.47789015e-01
   222 0  +6.97810981e-01  +8.29578872e-01
   223 0  +7.10079073e-01  +9.10880703e-01
   224 0  +7.07787804e-01  +9.93070994e-01
   225 1  +7.07902121e-01  +1.00000000e+00
   226 1  +1.00000000e+00  +4.70716117e-01
   227 0  +9.17779934e-01  +4.70120611e-01
   228 0  +8.38974047e-01  +4.46665846e-01
   229 0  +7.68299086e-01  +4.04647473e-01
   230 0  +7.01722374e-01  +3.56397755e-01
   231 0  +6.22145242e-01  +3.35710225e-01
   232 0  +5.40214901e-01  +3.28788303e-01
   233 0  +4.60134684e-01  +3.47433751e-01
   234 0  +3.77917782e-01  +3.46498474e-01
   235 0  +2.97375952e-01  +3.29960413e-01
   236 0  +2.16059313e-01  +3.17790854e-01
   237 0  +1.44173469e-01  +2.77879462e-01
   238 0  +7.25561531e-02  +2.37488202e-01
   239 0  +1.98378851e-02  +1.74390832e-01
   240 1  -1.49186219e-16  +1.42872424e-01
   241 1  +1.56432797e-01  +0.00000000e+00
   242 0  +2.22739364e-01  +4.86202940e-02
   243 0  +2.96581300e-01  +8.47846720e-02
   244 0  +3.65162878e-01  +1.30139507e-01
   245 0  +4.18008658e-01  +1.93130120e-01
   246 0  +4.67377066e-01  +2.58881577e-01
   247 0  +5.23807735e-01  +3.18681857e-01
   248 0  +5.79646758e-01  +3.79034962e-01
   249 0  +6.31660738e-01  +4.42714156e-01
   250 0  +6.88748327e-01  +5.01887638e-01
   251 0  +7.42395703e-01  +5.64196970e-01
   252 0  +7.87772775e-01  +6.32763836e-01
   253 0  +8.35183411e-01  +6.99940659e-01
   254 0  +8.71828330e-01  +7.73545304e-01
   255 0  +9.23113554e-01  +8.37812866e-01
   256 0  +9.81341534e-01  +8.95864534e-01
   257 1  +1.00000000e+00  +9.06776391e-01
   258 1  +1.10827901e-01  +1.00000000e+00
   259 0  +1.91796502e-01  +9.85696871e-01
   260 0  +2.73883359e-01  +9.90412986e-01
   261 1  +3.22231568e-01  +1.00000000e+00
   262 1  +5.29577785e-01  +0.00000000e+00
   263 0  +5.61735705e-01  +7.56727296e-02
   264 0  +6.13763763e-01  +1.39340422e-01
   265 0  +6.85125692e-01  +1.80181198e-01
   266 0  +7.52518746e-01  +2.27283958e-01
   267 0  +8.01340269e-01  +2.93442500e-01
   268 0  +8.26735752e-01  +3.71644567e-01
   269 0  +8.32608046e-01  +4.53656822e-01
   270 0  +8.43866058e-01  +5.35104665e-01
   271 0  +8.38717832e-01  +6.17165554e-01
   272 0  +8.34068822e-01  +6.99256239e-01
   273 0  +8.18185861e-01  +7.79929812e-01
   274 0  +7.81451449e-01  +8.53489834e-01
   275 0  +7.40407508e-01  +9.24735105e-01
   276 0  +6.96387099e-01  +9.94180749e-01
   277 1  +6.94976423e-01  +1.00000000e+00
   278 1  +3.84459849e-01  +1.00000000e+00
   279 0  +3.04952391e-01  +9.79046292e-01
   280 0  +2.29801640e-01  +9.45686760e-01
   281 0  +1.61431989e-01  +9.00013083e-01
   282 0  +1.14616886e-01  +8.32419889e-01
   283 0  +7.55951919e-02  +7.60047234e-01
   284 0  +2.30212951e-02  +6.96829521e-01
   285 1  -9.02056208e-17  +6.66698449e-01
   286 1  +0.00000000e+00  +5.64489152e-01
   287 0  +7.66735016e-02  +5.34796258e-01
   288 0  +1.54980785e-01  +5.09727088e-01
   289 0  +2.33686450e-01  +4.85938183e-01
   290 0  +3.15899871e-01  +4.87141240e-01
   291 0  +3.97844800e-01  +4.93888264e-01
   292 0  +4.80021500e-01  +4.91152594e-01
   293 0  +5.59075698e-01  +5.13756302e-01
   294 0  +6.36323195e-01  +5.41922204e-01
   295 0  +7.08576711e-01  +5.81164059e-01
   296 0  +7.88731298e-01  +5.99487158e-01
   297 0  +8.66374550e-01  +6.26543013e-01
   298 0  +9.47164928e-01  +6.41820730e-01
   299 1  +1.00000000e+00  +6.72554344e-01
   300 1  +0.00000000e+00  +1.46984689e-01
   301 0  +4.36070914e-02  +7.72787680e-02
   302 0  +1.07153219e-01  +2.51023027e-02
   303 1  +1.22311524e-01  -2.42861287e-17
   304 1  +0.00000000e+00  +4.92996823e-01
   305 0  +3.19950362e-02  +4.17255081e-01
   306 0  +4.88744656e-02  +3.36784101e-01
   307 0  +4.28059787e-02  +2.54786130e-01
   308 0  +6.49817040e-02  +1.75610811e-01
   309 0  +1.13894996e-01  +1.09520088e-01
   310 0  +1.79482192e-01  +5.99336632e-02
   311 1  +2.19185203e-01  -3.46944695e-17
   312 1  +0.00000000e+00  +7.82406316e-01
   313 0  +7.00599328e-02  +8.25442343e-01
   314 0  +1.27573321e-01  +8.84202057e-01
   315 0  +1.98926013e-01  +9.25058969e-01
   316 0  +2.62733563e-01  +9.76915409e-01
   317 1  +2.83607446e-01  +1.00000000e+00
   318 1  +6.23244819e-01  +1.00000000e+00
   319 0  +6.19654291e-01  +9.17856212e-01
   320 0  +6.36625821e-01  +8.37404605e-01
   321 0  +6.52222139e-01  +7.56675127e-01
   322 0  +6.42326553e-01  +6.75050552e-01
   323 0  +6.36242360e-01  +5.93053745e-01
   324 0  +6.57847406e-01  +5.13720802e-01
   325 0  +6.56197883e-01  +4.31515127e-01
   326 0  +6.26319911e-01  +3.54913557e-01
   327 0  +5.73817142e-01  +2.91636760e-01
   328 0  +5.24765988e-01  +2.25648290e-01
   329 0  +4.84773954e-01  +1.53807278e-01
   330 0  +4.38096237e-01  +8.61191356e-02
   331 0  +4.07410501e-01  +9.83755571e-03
   332 1  +4.03122496e-01  -1.38777878e-16
   333 1  +0.00000000e+00  +4.59149522e-02
   334 1  +4.46363116e-02  -1.38777878e-17
   335 1  +0.00000000e+00  +8.36720502e-01
   336 0  +8.21596953e-02  +8.33514524e-01
   337 0  +1.64367541e-01  +8.35052048e-01
   338 0  +2.43473783e-01  +8.12631160e-01
   339 0  +3.25663435e-01  +8.14945232e-01
   340 0  +4.07637963e-01  +8.21322589e-01
   341 0  +4.84556975e-01  +8.50373568e-01
   342 0  +5.62366888e-01  +8.76946324e-01
   343 0  +6.28385474e-01  +9.25956936e-01
   344 0  +6.73365293e-01  +9.94785053e-01
   345 1  +6.78313340e-01  +1.00000000e+00
   346 1  +9.17876959e-01  +0.00000000e+00
   347 0  +8.55223145e-01  +5.32446557e-02
   348 0  +8.10996665e-01  +1.22559245e-01
   349 0  +7.68455473e-01  +1.92920746e-01
   350 0  +7.23506551e-01  +2.61769045e-01
   351 0  +6.66241040e-01  +3.20770359e-01
   352 0  +6.22476068e-01  +3.90377263e-01
   353 0  +5.86240736e-01  +4.64184407e-01
   354 0  +5.71048465e-01  +5.44990896e-01
   355 0  +5.27809004e-01  +6.14925457e-01
   356 0  +4.63427819e-01  +6.66067973e-01
   357 0  +3.88249754e-01  +6.99365906e-01
   358 0  +3.08438939e-01  +7.19132739e-01
   359 0  +2.26769547e-01  +7.09614119e-01
   360 0  +1.47118344e-01  +7.30014601e-01
   361 0  +7.43527162e-02  +7.68298505e-01
   362 0  +1.62855628e-02  +8.26511042e-01
   363 1  -1.38777878e-17  +8.46032636e-01
   364 1  +1.00000000e+00  +6.65731528e-01
   365 0  +9.19287703e-01  +6.81416522e-01
   366 0  +8.37115149e-01  +6.84273975e-01
   367 0  +7.57487799e-01  +6.63780583e-01
   368 0  +6.77722995e-01  +6.43828897e-01
   369 0  +5.99479152e-01  +6.18562420e-01
   370 0  +5.32924089e-01  +5.70282845e-01
   371 0  +4.85098846e-01  +5.03400560e-01
   372 0  +4.51753520e-01  +4.28243504e-01
   373 0  +3.93389608e-01  +3.70328502e-01
   374 0  +3.26865727e-01  +3.22005968e-01
   375 0  +2.62614930e-01  +2.70699742e-01
   376 0  +1.89574157e-01  +2.32943428e-01
   377 0  +1.08761635e-01  +2.17783279e-01
   378 0  +2.73857266e-02  +2.29549985e-01
   379 1  +2.25514052e-16  +2.41119416e-01
   380 1  +0.00000000e+00  +6.06772045e-01
   381 0  +7.26152926e-02  +6.45340336e-01
   382 0  +1.37377047e-01  +6.96000074e-01
   383 0  +1.90429694e-01  +7.58816556e-01
   384 0  +2.22039755e-01  +8.34719770e-01
   385 0  +2.58111385e-01  +9.08607058e-01
   386 0  +3.09383499e-01  +9.72885081e-01
   387 1  +3.45663526e-01  +1.00000000e+00
   388 1  +1.00000000e+00  +7.35864177e-01
   389 0  +9.56559520e-01  +8.05674051e-01
   390 0  +9.22638453e-01  +8.80573017e-01
   391 0  +8.81956355e-01  +9.52025523e-01
   392 1  +8.26472703e-01  +1.00000000e+00
   393 1  +3.98103068e-01  +0.00000000e+00
   394 0  +3.74055764e-01  +7.86271010e-02
   395 0  +3.28403299e-01  +1.47010917e-01
   396 0  +2.87118241e-01  +2.18116738e-01
   397 0  +2.53719945e-01  +2.93250270e-01
   398 0  +2.29953883e-01  +3.71962837e-01
   399 0  +2.32477489e-01  +4.54146322e-01
   400 0  +2.59168026e-01  +5.31915911e-01
   401 0  +3.10545611e-01  +5.96109662e-01
   402 0  +3.60416644e-01  +6.61480710e-01
   403 0  +4.19302026e-01  +7.18865425e-01
   404 0  +4.86705509e-01  +7.65953261e-01
   405 0  +5.41555165e-01  +8.27206907e-01
   406 0  +5.93959441e-01  +8.90565298e-01
   407 0  +6.45191157e-01  +9.54875523e-01
   408 1  +6.72479126e-01  +1.00000000e+00
   409 1  +1.00000000e+00  +1.73538345e-01
   410 0  +9.69708027e-01  +2.49977146e-01
   411 0  +9.34721305e-01  +3.24384290e-01
   412 0  +8.96001205e-01  +3.96918748e-01
   413 0  +8.34336951e-01  +4.51306372e-01
   414 0  +7.77496232e-01  +5.10717032e-01
   415 0  +7.26023488e-01  +5.74834506e-01
   416 0  +6.89203373e-01  +6.48351667e-01
   417 0  +6.69254847e-01  +7.28117262e-01
   418 0  +6.26360414e-01  +7.98263975e-01
   419 0  +5.88330717e-01  +8.71162782e-01
   420 0  +5.63256576e-01  +9.49468473e-01
   421 1  +5.37878127e-01  +1.00000000e+00
   422 1  +1.00000000e+00  +5.03012987e-01
   423 0  +9.19015228e-01  +4.88801704e-01
   424 0  +8.37866512e-01  +4.75558604e-01
   425 0  +7.56040836e-01  +4.67493085e-01
   426 0  +6.82986569e-01  +4.29762887e-01
   427 0  +6.12975335e-01  +3.86647681e-01
   428 0  +5.52308532e-01  +3.31149637e-01
   429 0  +5.11598680e-01  +2.59712940e-01
   430 0  +4.88403214e-01  +1.80830342e-01
   431 0  +4.57403383e-01  +1.04675866e-01
   432 0  +4.22301469e-01  +3.03229946e-02
   433 1  +4.16357889e-01  -9.02056208e-17
   434 1  +1.00000000e+00  +4.92806845e-02
   435 0  +9.54104813e-01  +1.17501837e-01
   436 0  +9.09664152e-01  +1.86679300e-01
   437 0  +8.69153344e-01  +2.58229061e-01
   438 0  +8.28027295e-01  +3.29426968e-01
   439 0  +7.72689150e-01  +3.90239660e-01
   440 0  +7.16709540e-01  +4.50462389e-01
   441 0  +6.58056976e-01  +5.08085046e-01
   442 0  +5.91330669e-01  +5.56127670e-01
   443 0  +5.16168832e-01  +5.89462219e-01
   444 0  +4.41811302e-01  +6.24554263e-01
   445 0  +3.59735523e-01  +6.29459386e-01
   446 0  +2.77663872e-01  +6.34433107e-01
   447 0  +1.99004934e-01  +6.58376069e-01
   448 0  +1.17612184e-01  +6.70025702e-01
   449 0  +3.55550570e-02  +6.64817845e-01
   450 1  -5.55111512e-17  +6.74029850e-01
   451 1  +3.08960737e-01  +1.00000000e+00
   452 0  +2.35200789e-01  +9.63668694e-01
   453 0  +1.59648161e-01  +9.31229609e-01
   454 0  +7.76717570e-02  +9.24876419e-01
   455 1  +1.38777878e-17  +9.10383064e-01
   456 1  +7.79631584e-01  +1.00000000e+00
   457 0  +7.45918136e-01  +9.25007352e-01
   458 0  +7.18444052e-01  +8.47511104e-01
   459 0  +7.18897223e-01  +7.65290130e-01
   460 0  +7.21472412e-01  +6.83108245e-01
   461 0  +7.18423710e-01  +6.00942564e-01
   462 0  +6.87409910e-01  +5.24793775e-01
   463 0  +6.78688609e-01  +4.43035395e-01
   464 0  +6.96492934e-01  +3.62763981e-01
   465 0  +6.92939536e-01  +2.80618579e-01
   466 0  +7.12508955e-01  +2.00759129e-01
   467 0  +7.25876845e-01  +1.19630877e-01
   468 0  +7.51552251e-01  +4.15202670e-02
   469 1  +7.58966004e-01  -1.45716772e-16
   470 1  +5.11670435e-01  +0.00000000e+00
   471 0  +5.74071683e-01  +5.35404343e-02
   472 0  +6.34899598e-01  +1.08861845e-01
   473 0  +6.89232074e-01  +1.70574696e-01
   474 0  +7.60367931e-01  +2.11807980e-01
   475 0  +8.39555968e-01  +2.33938242e-01
   476 0  +9.21660603e-01  +2.38334015e-01
   477 1  +1.00000000e+00  +2.39150480e-01
   478 1  +4.92201655e-01  +0.00000000e+00
   479 0  +5.48661899e-01  +5.97723572e-02
   480 0  +6.07047076e-01  +1.17665923e-01
   481 0  +6.71783687e-01  +1.68357786e-01
   482 0  +7.46579987e-01  +2.02504635e-01
   483 0  +8.27544805e-01  +2.16829163e-01
   484 0  +9.04515207e-01  +2.45743709e-01
   485 0  +9.67392555e-01  +2.98724205e-01
   486 1  +1.00000000e+00  +3.14129995e-01
   487 1  +9.13851998e-01  +1.00000000e+00
   488 0  +9.88687032e-01  +9.65938122e-01
   489 1  +1.00000000e+00  +9.62223427e-01
   490 1  +1.00000000e+00  +5.46964221e-02
   491 1  +9.74666446e-01  -1.94289029e-16
   492 1  +1.00000000e+00  +6.35557905e-01
   493 0  +9.55848273e-01  +5.66195677e-01
   494 0  +8.89420061e-01  +5.17741713e-01
   495 0  +8.22534538e-01  +4.69921001e-01
   496 0  +7.51728463e-01  +4.28123948e-01
   497 0  +7.00384666e-01  +3.63903170e-01
   498 0  +6.38219685e-01  +3.10088590e-01
   499 0  +5.84867727e-01  +2.47526122e-01
   500 0  +5.34479698e-01  +1.82552740e-01
   501 0  +4.65367902e-01  +1.38010024e-01
   502 0  +4.04428182e-01  +8.28117967e-02
   503 0  +3.62171326e-01  +1.22791661e-02
   504 1  +3.55422066e-01  -7.11236625e-17
   505 1  +6.51701884e-01  +0.00000000e+00
   506 0  +6.67212252e-01  +8.07460360e-02
   507 0  +6.51386477e-01  +1.61430847e-01
   508 0  +6.11431922e-01  +2.33292710e-01
   509 0  +5.90696568e-01  +3.12857394e-01
   510 0  +5.82756659e-01  +3.94695354e-01
   511 0  +6.03817277e-01  +4.74174560e-01
   512 0  +6.28467489e-01  +5.52614734e-01
   513 0  +6.58859114e-01  +6.29013968e-01
   514 0  +7.02962668e-01  +6.98406837e-01
   515 0  +7.31342701e-01  +7.75575921e-01
   516 0  +7.30317455e-01  +8.57791751e-01
   517 0  +7.10173531e-01  +9.37508225e-01
   518 1  +6.93069714e-01  +1.00000000e+00
   519 1  +1.00000000e+00  +4.12008123e-01
   520 0  +9.20722115e-01  +4.33814333e-01
   521 0  +8.48290495e-01  +4.72726468e-01
   522 0  +7.80252997e-01  +5.18893476e-01
   523 0  +7.10655270e-01  +5.62673041e-01
   524 0  +6.39023604e-01  +6.03038846e-01
   525 0  +5.85373382e-01  +6.65345728e-01
   526 0  +5.56889028e-01  +7.42476366e-01
   527 0  +5.22074483e-01  +8.16964226e-01
   528 0  +4.68622846e-01  +8.79441553e-01
   529 0  +4.28418869e-01  +9.51164172e-01
   530 1  +3.96290255e-01  +1.00000000e+00
   531 1  +4.02101939e-01  +1.00000000e+00
   532 0  +3.21361310e-01  +9.84461510e-01
   533 0  +2.41177523e-01  +9.66266619e-01
   534 0  +1.61324368e-01  +9.46671529e-01
   535 0  +9.01224445e-02  +9.05552435e-01
   536 0  +1.28568484e-02  +8.77436221e-01
   537 1  -7.97972799e-17  +8.75457925e-01
   538 1  +0.00000000e+00  +2.91969691e-01
   539 0  +6.37471291e-02  +2.40038993e-01
   540 0  +1.36267989e-01  +2.01293430e-01
   541 0  +2.17479291e-01  +1.88439704e-01
   542 0  +2.98934348e-01  +1.99645397e-01
   543 0  +3.75790109e-01  +2.28863298e-01
   544 0  +4.52528794e-01  +2.58387323e-01
   545 0  +5.20820487e-01  +3.04177480e-01
   546 0  +5.93870792e-01  +3.41915351e-01
   547 0  +6.69672037e-01  +3.73769159e-01
   548 0  +7.50491688e-01  +3.88891255e-01
   549 0  +8.31306804e-01  +4.04037571e-01
   550 0  +9.05860407e-01  +4.38711107e-01
   551 0  +9.66897251e-01  +4.93801918e-01
   552 1  +1.00000000e+00  +5.31586772e-01
   553 1  +7.77460868e-01  +0.00000000e+00
   554 0  +7.82394750e-01  +8.20740558e-02
   555 0  +7.86356088e-01  +1.64200797e-01
   556 0  +7.95485767e-01  +2.45914583e-01
   557 0  +7.93241985e-01  +3.28106184e-01
   558 0  +7.81536554e-01  +4.09490929e-01
   559 0  +7.86295859e-01  +4.91575293e-01
   560 0  +7.73504685e-01  +5.72796471e-01
   561 0  +7.53850150e-01  +6.52635014e-01
   562 0  +7.10434204e-01  +7.22460149e-01
   563 0  +6.65712374e-01  +7.91456177e-01
   564 0  +6.18490629e-01  +8.58765913e-01
   565 0  +5.79670834e-01  +9.31247065e-01
   566 1  +5.50595187e-01  +1.00000000e+00
   567 1  +9.25175305e-01  +0.00000000e+00
   568 0  +8.79047943e-01  +6.80643835e-02
   569 0  +8.48519142e-01  +1.44408906e-01
   570 0  +8.38560581e-01  +2.26025822e-01
   571 0  +8.36983936e-01  +3.08232926e-01
   572 0  +8.40294104e-01  +3.90388490e-01
   573 0  +8.52022347e-01  +4.71769950e-01
   574 0  +8.47689950e-01  +5.53877953e-01
   575 0  +8.50847068e-01  +6.36039541e-01
   576 0  +8.31357643e-01  +7.15918550e-01
   577 0  +7.94286592e-01  +7.89309496e-01
   578 0  +7.49282127e-01  +8.58121501e-01
   579 0  +7.06992549e-01  +9.28634517e-01
   580 0  +6.59020582e-01  +9.95411640e-01
   581 1  +6.54540742e-01  +1.00000000e+00
   582 1  +3.25236550e-01  +0.00000000e+00
   583 0  +3.23109387e-01  +8.21947018e-02
   584 0  +3.50156824e-01  +1.59840886e-01
   585 0  +3.79171930e-01  +2.36773438e-01
   586 0  +3.81314044e-01  +3.18967751e-01
   587 0  +3.99139977e-01  +3.99234369e-01
   588 0  +4.17714211e-01  +4.79331133e-01
   589 0  +4.27263610e-01  +5.60996933e-01
   590 0  +4.36062719e-01  +6.42746976e-01
   591 0  +4.25207211e-01  +7.24249440e-01
   592 0  +4.24870331e-01  +8.06470972e-01
   593 0  +4.05973978e-01  +8.86492355e-01
   594 0  +4.15235753e-01  +9.68191274e-01
   595 1  +4.19188374e-01  +1.00000000e+00
   596 1  +1.25733919e-01  +1.00000000e+00
   597 0  +1.26100830e-01  +9.17778596e-01
   598 0  +1.52486274e-01  +8.39904967e-01
   599 0  +1.98270906e-01  +7.71609569e-01
   600 0  +2.63065112e-01  +7.20991345e-01
   601 0  +3.30913543e-01  +6.74546924e-01
   602 0  +3.82562985e-01  +6.10571703e-01
   603 0  +4.48288577e-01  +5.61168865e-01
   604 0  +5.10529240e-01  +5.07441835e-01
   605 0  +5.59060390e-01  +4.41069994e-01
   606 0  +6.12269577e-01  +3.78386055e-01
   607 0  +6.84960215e-01  +3.39959956e-01
   608 0  +7.65840037e-01  +3.25163057e-01
   609 0  +8.37995937e-01  +2.85741999e-01
   610 0  +9.19293159e-01  +2.73443395e-01
   611 0  +9.97245036e-01  +2.47290027e-01
   612 1  +1.00000000e+00  +2.47359980e-01
   613 1  +0.00000000e+00  +2.66578134e-01
   614 0  +8.22157675e-02  +2.67608380e-01
   615 0  +1.63368001e-01  +2.80829906e-01
   616 0  +2.45580109e-01  +2.82119530e-01
   617 0  +3.27740604e-01  +2.78934104e-01
   618 0  +4.05096181e-01  +2.51066407e-01
   619 0  +4.85491206e-01  +2.33828839e-01
   620 0  +5.66786031e-01  +2.46143277e-01
   621 0  +6.47484080e-01  +2.61901407e-01
   622 0  +7.25912105e-01  +2.86590245e-01
   623 0  +7.92472639e-01  +3.34862277e-01
   624 0  +8.54632575e-01  +3.88682684e-01
   625 0  +9.19487619e-01  +4.39222937e-01
   626 0  +9.97535799e-01  +4.65087496e-01
   627 1  +1.00000000e+00  +4.65026810e-01
   628 1  +6.45178221e-01  +1.00000000e+00
   629 0  +5.68074863e-01  +9.71441884e-01
   630 0  +4.90165087e-01  +9.45163365e-01
   631 0  +4.08193814e-01  +9.38744305e-01
   632 0  +3.26302186e-01  +9.46110104e-01
   633 0  +2.44939457e-01  +9.34252611e-01
   634 0  +1.71467749e-01  +8.97341881e-01
   635 0  +9.57534193e-02  +8.65282029e-01
   636 0  +2.44518980e-02  +8.24335883e-01
   637 1  -3.46944695e-17  +8.18907608e-01
   638 1  +0.00000000e+00  +8.78191577e-01
   639 0  +6.89390987e-02  +8.33382042e-01
   640 0  +1.47505555e-01  +8.09137335e-01
   641 0  +2.29208535e-01  +7.99911453e-01
   642 0  +3.06088995e-01  +7.70758602e-01
   643 0  +3.87026581e-01  +7.56281003e-01
   644 0  +4.65337736e-01  +7.31223930e-01
   645 0  +5.35705218e-01  +6.88692633e-01
   646 0  +6.07984653e-01  +6.49498537e-01
   647 0  +6.86222400e-01  +6.24213190e-01
   648 0  +7.50695469e-01  +5.73186558e-01
   649 0  +8.27580163e-01  +5.44044874e-01
   650 0  +8.96149303e-01  +4.98671237e-01
   651 0  +9.73235675e-01  +4.70067303e-01
   652 1  +1.00000000e+00  +4.67087746e-01
   653 1  +1.00000000e+00  +1.14348667e-02
   654 1  +9.96409062e-01  -2.65412692e-16
   655 1  +7.68644662e-01  +0.00000000e+00
   656 0  +8.24410076e-01  +6.04211250e-02
   657 0  +8.84792586e-01  +1.16228350e-01
   658 0  +9.32178618e-01  +1.83422530e-01
   659 0  +9.56911826e-01  +2.61836573e-01
   660 0  +9.89641373e-01  +3.37263827e-01
   661 1  +1.00000000e+00  +4.06765348e-01
   662 1  +2.00858888e-01  +0.00000000e+00
   663 0  +2.61292237e-01  +5.57521672e-02
   664 0  +3.26774784e-01  +1.05476707e-01
   665 0  +3.91319200e-01  +1.56413061e-01
   666 0  +4.62156872e-01  +1.98156541e-01
   667 0  +5.29323219e-01  +2.45582015e-01
   668 0  +5.95067355e-01  +2.94960173e-01
   669 0  +6.61770952e-01  +3.43034323e-01
   670 0  +7.39858816e-01  +3.68778826e-01
   671 0  +8.20855736e-01  +3.82920701e-01
   672 0  +8.95516695e-01  +4.17362466e-01
   673 0  +9.57285011e-01  +4.71631877e-01
   674 1  +1.00000000e+00  +5.07610197e-01
   675 1  +2.09093854e-01  +0.00000000e+00
   676 0  +1.92971659e-01  +8.06261041e-02
   677 0  +2.03528362e-01  +1.62167810e-01
   678 0  +2.22228574e-01  +2.42235256e-01
   679 0  +2.51128304e-01  +3.19211223e-01
   680 0  +2.91935192e-01  +3.90592535e-01
   681 0  +3.42201131e-01  +4.55660416e-01
   682 0  +4.09619997e-01  +5.02726225e-01
   683 0  +4.85562266e-01  +5.34242340e-01
   684 0  +5.44964427e-01  +5.91091941e-01
   685 0  +5.90207949e-01  +6.59747003e-01
   686 0  +6.27709571e-01  +7.32918871e-01
   687 0  +6.39040435e-01  +8.14356610e-01
   688 0  +6.41913560e-01  +8.96528618e-01
   689 0  +6.41904812e-01  +9.78750840e-01
   690 1  +6.49263050e-01  +1.00000000e+00
   691 1  +0.00000000e+00  +5.25654796e-02
   692 0  +7.69800487e-02  +2.36766249e-02
   693 1  +1.34117866e-01  -3.12250226e-17
   694 1  +7.73568410e-01  +0.00000000e+00
   695 0  +8.44610581e-01  +4.13944889e-02
   696 0  +9.10746565e-01  +9.02465663e-02
   697 0  +9.59914862e-01  +1.56147798e-01
   698 0  +9.93794464e-01  +2.31065529e-01
   699 1  +1.00000000e+00  +2.58019266e-01
   700 1  +1.00000000e+00  +7.63102578e-01
   701 0  +9.58344487e-01  +6.92213142e-01
   702 0  +9.13067548e-01  +6.23580114e-01
   703 0  +8.80549080e-01  +5.48061619e-01
   704 0  +8.62646973e-01  +4.67811956e-01
   705 0  +8.72079358e-01  +3.86132559e-01
   706 0  +8.87007981e-01  +3.05276946e-01
   707 0  +8.97998369e-01  +2.23792560e-01
   708 0  +9.33372352e-01  +1.49568742e-01
   709 0  +9.79802189e-01  +8.17103305e-02
   710 1  +1.00000000e+00  +1.48988376e-02
   711 1  +7.60583181e-01  +0.00000000e+00
   712 0  +7.17839681e-01  +7.02387862e-02
   713 0  +6.58764687e-01  +1.27428286e-01
   714 0  +5.86816869e-01  +1.67227850e-01
   715 0  +5.09282814e-01  +1.94595060e-01
   716 0  +4.40465316e-01  +2.39591123e-01
   717 0  +3.82256976e-01  +2.97662484e-01
   718 0  +3.09310641e-01  +3.35600936e-01
   719 0  +2.52109099e-01  +3.94664270e-01
   720 0  +2.07309760e-01  +4.63609995e-01
   721 0  +1.58944179e-01  +5.30102584e-01
   722 0  +9.29564762e-02  +5.79154770e-01
   723 0  +1.91616201e-02  +6.15415121e-01
   724 1  +9.71445147e-17  +6.24384659e-01
   725 1  +8.42262976e-01  +0.00000000e+00
   726 0  +8.52692940e-01  +8.15580142e-02
   727 0  +8.62683904e-01  +1.63170969e-01
   728 0  +8.45579018e-01  +2.43594329e-01
   729 0  +8.22131753e-01  +3.22402447e-01
   730 0  +7.75619689e-01  +3.90204525e-01
   731 0  +7.48889670e-01  +4.67960553e-01
   732 0  +7.45795854e-01  +5.50124549e-01
   733 0  +7.32280941e-01  +6.31228438e-01
   734 0  +6.96030230e-01  +7.05028030e-01
   735 0  +6.83925227e-01  +7.86354303e-01
   736 0  +6.69822365e-01  +8.67358026e-01
   737 0  +6.54785238e-01  +9.48193530e-01
   738 1  +6.32083819e-01  +1.00000000e+00
   739 1  +5.36402393e-01  +1.00000000e+00
   740 0  +6.16027424e-01  +9.79497602e-01
   741 0  +6.96441587e-01  +9.62349537e-01
   742 0  +7.77031214e-01  +9.46045985e-01
   743 0  +8.59074411e-01  +9.40623094e-01
   744 0  +9.36097322e-01  +9.11848713e-01
   745 1  +1.00000000e+00  +9.13271968e-01
   746 1  +5.20402445e-01  +1.00000000e+00
   747 0  +5.14624410e-01  +9.17981050e-01
   748 0  +4.80704072e-01  +8.43081755e-01
   749 0  +4.44176136e-01  +7.69418984e-01
   750 0  +4.03087034e-01  +6.98199749e-01
   751 0  +3.81387415e-01  +6.18892622e-01
   752 0  +3.76720502e-01  +5.36802953e-01
   753 0  +3.55896629e-01  +4.57261391e-01
   754 0  +3.46098711e-01  +3.75625035e-01
   755 0  +3.14086718e-01  +2.99890457e-01
   756 0  +3.04872980e-01  +2.18186107e-01
   757 0  +2.97586694e-01  +1.36287366e-01
   758 0  +3.13187676e-01  +5.55587883e-02
   759 1  +3.05321862e-01  -7.63278329e-17
   760 1  +4.54185292e-01  +0.00000000e+00
   761 0  +5.14416514e-01  +5.59704715e-02
   762 0  +5.79214098e-01  +1.06584373e-01
   763 0  +6.34765870e-01  +1.67201981e-01
   764 0  +7.06152355e-01  +2.07999818e-01
   765 0  +7.83718557e-01  +2.35275783e-01
   766 0  +8.51040137e-01  +2.82480641e-01
   767 0  +8.99602613e-01  +3.48829566e-01
   768 0  +9.67978031e-01  +3.94494607e-01
   769 1  +1.00000000e+00  +4.34270341e-01
   770 1  +4.83030420e-01  +0.00000000e+00
   771 0  +5.62657982e-01  +2.04925665e-02
   772 0  +6.42495586e-01  +4.01509197e-02
   773 0  +7.11912609e-01  +8.42164464e-02
   774 0  +7.67224766e-01  +1.45052777e-01
   775 0  +8.23702531e-01  +2.04808579e-01
   776 0  +8.83257268e-01  +2.61498324e-01
   777 0  +9.18311723e-01  +3.35873582e-01
   778 0  +9.62744462e-01  +4.05056134e-01
   779 1  +1.00000000e+00  +4.31470251e-01
   780 1  +0.00000000e+00  +5.14123205e-01
   781 0  +2.23259843e-02  +4.34990126e-01
   782 0  +7.12422182e-02  +3.68901580e-01
   783 0  +1.18696637e-01  +3.01755680e-01
   784 0  +1.48104418e-01  +2.24972373e-01
   785 0  +1.50706420e-01  +1.42791332e-01
   786 0  +1.40222480e-01  +6.12402388e-02
   787 1  +1.44407607e-01  -4.16333634e-17
   788 1  +1.00000000e+00  +2.11853736e-01
   789 0  +9.74975844e-01  +2.90175416e-01
   790 0  +9.58892421e-01  +3.70809263e-01
   791 0  +9.69741258e-01  +4.52312616e-01
   792 0  +9.98537996e-01  +5.29327171e-01
   793 1  +1.00000000e+00  +5.32160793e-01
   794 1  +2.28770633e-01  +0.00000000e+00
   795 0  +2.74104365e-01  +6.85955284e-02
   796 0  +3.31216826e-01  +1.27745006e-01
   797 0  +3.80790983e-01  +1.93341475e-01
   798 0  +4.04233077e-01  +2.72151132e-01
   799 0  +4.11875370e-01  +3.54017421e-01
   800 0  +4.45785597e-01  +4.28921295e-01
   801 0  +4.65982837e-01  +5.08624277e-01
   802 0  +4.88797332e-01  +5.87617901e-01
   803 0  +5.25803428e-01  +6.61041621e-01
   804 0  +5.43552409e-01  +7.41325290e-01
   805 0  +5.32738012e-01  +8.22833220e-01
   806 0  +5.06828763e-01  +9.00866576e-01
   807 0  +5.09866970e-01  +9.83032646e-01
   808 1  +5.06049035e-01  +1.00000000e+00
   809 1  +0.00000000e+00  +4.36004935e-01
   810 0  +6.43661517e-02  +4.87166369e-01
   811 0  +1.23830794e-01  +5.43950611e-01
   812 0  +1.87213300e-01  +5.96325717e-01
   813 0  +2.64615663e-01  +6.24063201e-01
   814 0  +3.46304756e-01  +6.33411249e-01
   815 0  +4.26049739e-01  +6.13380484e-01
   816 0  +5.08257595e-01  +6.11843562e-01
   817 0  +5.86376417e-01  +6.37493971e-01
   818 0  +6.65315691e-01  +6.60495815e-01
   819 0  +7.30712396e-01  +7.10333199e-01
   820 0  +7.83425498e-01  +7.73434885e-01
   821 0  +8.40738042e-01  +8.32390513e-01
   822 0  +9.07033515e-01  +8.81025932e-01
   823 0  +9.68748000e-01  +9.35356551e-01
   824 1  +1.00000000e+00  +9.55621156e-01
   825 1  +1.00000000e+00  +1.02333895e-01
   826 0  +9.65008820e-01  +2.79288476e-02
   827 1  +9.55650420e-01  -1.66533454e-16
   828 1  +1.27892764e-01  +1.00000000e+00
   829 0  +1.09167093e-01  +9.19938504e-01
   830 0  +1.17162422e-01  +8.38105940e-01
   831 0  +1.01329228e-01  +7.57422585e-01
   832 0  +7.48748598e-02  +6.79572343e-01
   833 0  +6.05863643e-02  +5.98601158e-01
   834 0  +6.90248305e-02  +5.16813102e-01
   835 0  +8.93323578e-02  +4.37138149e-01
   836 0  +1.18762777e-01  +3.60363516e-01
   837 0  +1.64891851e-01  +2.92300293e-01
   838 0  +2.24831308e-01  +2.36017478e-01
   839 0  +2.83141889e-01  +1.78048779e-01
   840 0  +3.27527899e-01  +1.08836238e-01
   841 0  +3.88204403e-01  +5.33488004e-02
   842 1  +4.17875032e-01  -8.32667268e-17
   843 1  +8.00141723e-01  +1.00000000e+00
   844 0  +7.46923228e-01  +9.37323963e-01
   845 0  +7.12460485e-01  +8.62672686e-01
   846 0  +6.65978208e-01  +7.94850184e-01
   847 0  +5.99367023e-01  +7.46648070e-01
   848 0  +5.40734336e-01  +6.89005188e-01
   849 0  +4.94992683e-01  +6.20680997e-01
   850 0  +4.59596676e-01  +5.46467679e-01
   851 0  +4.07364530e-01  +4.82967312e-01
   852 0  +3.43301296e-01  +4.31427075e-01
   853 0  +2.71083337e-01  +3.92119821e-01
   854 0  +2.08678425e-01  +3.38583658e-01
   855 0  +1.33751757e-01  +3.04723827e-01
   856 0  +5.71003686e-02  +2.74973893e-01
   857 1  -1.17961196e-16  +2.33249082e-01
   858 1  +4.58993960e-01  +0.00000000e+00
   859 0  +5.40397704e-01  +1.15725681e-02
   860 0  +6.21844539e-01  +2.28378633e-02
   861 0  +7.01412570e-01  +4.35603697e-02
   862 0  +7.83461752e-01  +4.88919277e-02
   863 0  +8.62884632e-01  +7.01639757e-02
   864 0  +9.44966552e-01  +7.49652549e-02
   865 1  +1.00000000e+00  +6.46424817e-02
   866 1  +4.23136370e-01  +0.00000000e+00
   867 0  +4.12378896e-01  +8.15154622e-02
   868 0  +4.18457946e-01  +1.63512651e-01
   869 0  +4.32991251e-01  +2.44440254e-01
   870 0  +4.38086772e-01  +3.26504433e-01
   871 0  +4.13212683e-01  +4.04873901e-01
   872 0  +3.90726100e-01  +4.83961494e-01
   873 0  +3.47172164e-01  +5.53700640e-01
   874 0  +2.90302607e-01  +6.13083696e-01
   875 0  +2.19895656e-01  +6.55549624e-01
   876 0  +1.60342671e-01  +7.12241210e-01
   877 0  +9.52583218e-02  +7.62485824e-01
   878 0  +1.97633069e-02  +7.95058766e-01
   879 1  -3.81639165e-17  +8.05958982e-01
   880 1  +1.00000000e+00  +7.86930170e-01
   881 0  +9.52223426e-01  +8.53847229e-01
   882 0  +9.02730602e-01  +9.19505086e-01
   883 0  +8.50061256e-01  +9.82643298e-01
   884 1  +8.25999904e-01  +1.00000000e+00
   885 1  +4.02661179e-01  +0.00000000e+00
   886 0  +4.38680622e-01  +7.39127430e-02
   887 0  +4.95323015e-01  +1.33512518e-01
   888 0  +5.63799169e-01  +1.79026363e-01
   889 0  +6.33865542e-01  +2.22051905e-01
   890 0  +6.87295971e-01  +2.84547369e-01
   891 0  +7.16097191e-01  +3.61560248e-01
   892 0  +7.18562691e-01  +4.43745497e-01
   893 0  +7.05180931e-01  +5.24871463e-01
   894 0  +7.13660081e-01  +6.06655311e-01
   895 0  +7.51546953e-01  +6.79628448e-01
   896 0  +8.08369344e-01  +7.39056639e-01
   897 0  +8.42706212e-01  +8.13765897e-01
   898 0  +8.82009737e-01  +8.85985886e-01
   899 0  +9.18307333e-01  +9.59762429e-01
   900 1  +9.25582843e-01  +1.00000000e+00
   901 1  +5.23741539e-01  +1.00000000e+00
   902 0  +5.34674479e-01  +9.18507886e-01
   903 0  +5.49665431e-01  +8.37663806e-01
   904 0  +5.48620210e-01  +7.55448228e-01
   905 0  +5.39864262e-01  +6.73693551e-01
   906 0  +5.48417964e-01  +5.91917467e-01
   907 0  +5.79265678e-01  +5.15701246e-01
   908 0  +6.13681956e-01  +4.41028535e-01
   909 0  +6.60682240e-01  +3.73563973e-01
   910 0  +7.18763820e-01  +3.15365830e-01
   911 0  +7.85643256e-01  +2.67536604e-01
   912 0  +8.49689848e-01  +2.15975690e-01
   913 0  +9.28032726e-01  +1.91017981e-01
   914 1  +1.00000000e+00  +1.91064238e-01
   915 1  +9.18165546e-03  +1.00000000e+00
   916 0  +8.10404246e-02  +9.60039881e-01
   917 0  +1.37398549e-01  +9.00171228e-01
   918 0  +1.78259474e-01  +8.28820834e-01
   919 0  +2.00132120e-01  +7.49561253e-01
   920 0  +2.37933473e-01  +6.76543779e-01
   921 0  +2.84824382e-01  +6.09003151e-01
   922 0  +3.26428593e-01  +5.38083594e-01
   923 0  +3.64961249e-01  +4.65449386e-01
   924 0  +3.84574146e-01  +3.85600603e-01
   925 0  +4.04923295e-01  +3.05936270e-01
   926 0  +4.27523398e-01  +2.26881042e-01
   927 0  +4.63512660e-01  +1.52953598e-01
   928 0  +5.23265645e-01  +9.64728530e-02
   929 0  +5.77094249e-01  +3.43200159e-02
   930 1  +6.39371319e-01  -1.66533454e-16
   931 1  +0.00000000e+00  +4.59476493e-01
   932 0  +8.22203165e-02  +4.58916690e-01
   933 0  +1.62929948e-01  +4.43217991e-01
   934 0  +2.45152089e-01  +4.43333812e-01
   935 0  +3.23217709e-01  +4.17521939e-01
   936 0  +4.05294027e-01  +4.22418058e-01
   937 0  +4.83650144e-01  +4.47334172e-01
   938 0  +5.65342898e-01  +4.56650162e-01
   939 0  +6.47509897e-01  +4.53637164e-01
   940 0  +7.29731177e-01  +4.53243486e-01
   941 0  +8.09248188e-01  +4.32326061e-01
   942 0  +8.90816674e-01  +4.42673814e-01
   943 0  +9.71990342e-01  +4.55763099e-01
   944 1  +1.00000000e+00  +4.64174942e-01
   945 1  +1.00000000e+00  +4.45767982e-01
   946 0  +9.66556545e-01  +3.70654540e-01
   947 0  +9.29210543e-01  +2.97403124e-01
   948 0  +8.95545153e-01  +2.22388889e-01
   949 0  +8.81441206e-01  +1.41385356e-01
   950 0  +8.80012208e-01  +5.91755520e-02
   951 1  +8.99505449e-01  -2.08166817e-16
   952 1  +1.00000000e+00  +5.37010856e-01
   953 0  +9.50385283e-01  +6.02576652e-01
   954 0  +8.86829610e-01  +6.54741490e-01
   955 0  +8.30406967e-01  +7.14549342e-01
   956 0  +7.95586770e-01  +7.89034561e-01
   957 0  +7.39920727e-01  +8.49547249e-01
   958 0  +6.66234248e-01  +8.86027335e-01
   959 0  +5.84359821e-01  +8.93581937e-01
   960 0  +5.08678369e-01  +9.25719323e-01
   961 0  +4.33161856e-01  +9.58242394e-01
   962 0  +3.51931292e-01  +9.70973826e-01
   963 0  +2.72254209e-01  +9.91272992e-01
   964 1  +2.47386379e-01  +1.00000000e+00
   965 1  +0.00000000e+00  +4.76426978e-01
   966 0  +8.14195369e-02  +4.87887904e-01
   967 0  +1.63144585e-01  +4.78859597e-01
   968 0  +2.45364626e-01  +4.78260687e-01
   969 0  +3.23136825e-01  +5.04943618e-01
   970 0  +3.94224421e-01  +5.46260050e-01
   971 0  +4.52495861e-01  +6.04268094e-01
   972 0  +5.13949267e-01  +6.58893846e-01
   973 0  +5.86687908e-01  +6.97228998e-01
   974 0  +6.59429271e-01  +7.35558985e-01
   975 0  +7.34962375e-01  +7.68043505e-01
   976 0  +8.16134443e-01  +7.81142711e-01
   977 0  +8.98270056e-01  +7.77369798e-01
   978 0  +9.80292192e-01  +7.71637174e-01
   979 1  +1.00000000e+00  +7.77992536e-01
   980 1  +3.88232940e-01  +0.00000000e+00
   981 0  +4.69337001e-01  +1.35138857e-02
   982 0  +5.51262811e-01  +6.53853429e-03
   983 1  +5.69847827e-01  -1.22298005e-16
   984 1  +0.00000000e+00  +5.65525889e-01
   985 0  +7.75168691e-02  +5.92941739e-01
   986 0  +1.47101625e-01  +6.36741917e-01
   987 0  +2.18912431e-01  +6.76788166e-01
   988 0  +2.71858330e-01  +7.39694648e-01
   989 0  +3.31161620e-01  +7.96647380e-01
   990 0  +3.96063192e-01  +8.47127869e-01
   991 0  +4.56874721e-01  +9.02467292e-01
   992 0  +5.06457483e-01  +9.68057257e-01
   993 1  +5.18249875e-01  +1.00000000e+00
   994 1  +8.58167659e-01  +1.00000000e+00
   995 0  +7.92892675e-01  +9.50003297e-01
   996 0  +7.33283713e-01  +8.93370572e-01
   997 0  +6.92492685e-01  +8.21980196e-01
   998 0  +6.80058780e-01  +7.40703558e-01
   999 0  +6.41935151e-01  +6.67853832e-01
  1000 0  +6.17862148e-01  +5.89234595e-01
  1001 0  +5.72981248e-01  +5.20341935e-01
  1002 0  +5.08567620e-01  +4.69240287e-01
  1003 0  +4.34410525e-01  +4.33726641e-01
  1004 0  +3.72330271e-01  +3.79814343e-01
  1005 0  +2.98586853e-01  +3.43449495e-01
  1006 0  +2.24900146e-01  +3.06969871e-01
  1007 0  +1.60980455e-01  +2.55251722e-01
  1008 0  +1.02573850e-01  +1.97379774e-01
  1009 0  +4.83998391e-02  +1.35527770e-01
  1010 1  -1.24900090e-16  +8.32907249e-02
  1011 1  +0.00000000e+00  +4.96508694e-01
  1012 0  +7.66034244e-02  +4.66635475e-01
  1013 0  +1.58541668e-01  +4.59807735e-01
  1014 0  +2.40562531e-01  +4.54056916e-01
  1015 0  +3.21377627e-01  +4.69203334e-01
  1016 0  +3.96585604e-01  +5.02433654e-01
  1017 0  +4.75706654e-01  +5.24802231e-01
  1018 0  +5.43972318e-01  +5.70631184e-01
  1019 0  +6.17741304e-01  +6.06944136e-01
  1020 0  +6.97502134e-01  +6.26911704e-01
  1021 0  +7.79395132e-01  +6.19561144e-01
  1022 0  +8.57684047e-01  +5.94434670e-01
  1023 0  +9.39239533e-01  +5.83984961e-01
  1024 1  +1.00000000e+00  +5.69062417e-01
  1025 1  +0.00000000e+00  +9.24346946e-01
  1026 1  +1.87806311e-02  +1.00000000e+00
  1027 1  +0.00000000e+00  +1.13184406e-01
  1028 0  +6.09299285e-03  +3.11882525e-02
  1029 1  +1.74985672e-02  -3.46944695e-18
  1030 1  +1.00000000e+00  +4.58237372e-01
  1031 0  +9.92495357e-01  +3.76358351e-01
  1032 0  +9.76647600e-01  +2.95677855e-01
  1033 0  +9.63916333e-01  +2.14447265e-01
  1034 0  +9.29930833e-01  +1.39577514e-01
  1035 0  +8.90960835e-01  +6.71770096e-02
  1036 1  +8.76627578e-01  -2.08166817e-16
  1037 1  +3.33917017e-01  +0.00000000e+00
  1038 0  +2.57872747e-01  +3.12692002e-02
  1039 0  +1.77066763e-01  +4.64641590e-02
  1040 0  +9.97828789e-02  +7.45300643e-02
  1041 0  +2.73593027e-02  +1.13457168e-01
  1042 1  -1.97758476e-16  +1.34264254e-01
  1043 1  +1.00000000e+00  +5.70808803e-01
  1044 0  +9.21714489e-01  +5.45671728e-01
  1045 0  +8.49256320e-01  +5.06809052e-01
  1046 0  +7.68803931e-01  +4.89841230e-01
  1047 0  +6.87367062e-01  +5.01178342e-01
  1048 0  +6.05815379e-01  +5.11657694e-01
  1049 0  +5.30980757e-01  +5.45720478e-01
  1050 0  +4.69094187e-01  +5.99854999e-01
  1051 0  +4.15951334e-01  +6.62595185e-01
  1052 0  +3.44104699e-01  +7.02577116e-01
  1053 0  +2.66472746e-01  +7.29665373e-01
  1054 0  +1.97318222e-01  +7.74141723e-01
  1055 0  +1.23995914e-01  +8.11348348e-01
  1056 0  +4.56753538e-02  +8.36376007e-01
  1057 1  -3.46944695e-17  +8.39286832e-01
  1058 1  +1.00000000e+00  +7.07293045e-01
  1059 0  +9.29663497e-01  +6.64710534e-01
  1060 0  +8.63950211e-01  +6.15291328e-01
  1061 0  +7.84888066e-01  +5.92715433e-01
  1062 0  +7.02725511e-01  +5.95847248e-01
  1063 0  +6.24960342e-01  +6.22550663e-01
  1064 0  +5.44906723e-01  +6.41309978e-01
  1065 0  +4.62776351e-01  +6.37424631e-01
  1066 0  +3.80564075e-01  +6.38703449e-01
  1067 0  +2.99788140e-01  +6.23349550e-01
  1068 0  +2.18207484e-01  +6.33600907e-01
  1069 0  +1.41078127e-01  +6.62088733e-01
  1070 0  +7.25653425e-02  +7.07547419e-01
  1071 0  +6.46797325e-03  +7.56451730e-01
  1072 1  -3.72965547e-17  +7.64311520e-01
  1073 1  +0.00000000e+00  +4.39232996e-01
  1074 0  +6.77434830e-02  +3.92635632e-01
  1075 0  +1.34182688e-01  +3.44196745e-01
  1076 0  +1.83434579e-01  +2.78357963e-01
  1077 0  +2.32814812e-01  +2.12615387e-01
  1078 0  +2.86290952e-01  +1.50159032e-01
  1079 0  +3.53755127e-01  +1.03158192e-01
  1080 0  +4.33401889e-01  +8.27403769e-02
  1081 0  +5.15102434e-01  +7.34929617e-02
  1082 0  +5.95085406e-01  +5.44346825e-02
  1083 0  +6.66785050e-01  +1.41897458e-02
  1084 1  +6.83910095e-01  -6.24500451e-17
*Segmentos 
985
     0     0     1
     1     1     2
     2     2     3
     3     4     5
     4     5     6
     5     6     7
     6     7     8
     7     8     9
     8     9    10
     9    10    11
    10    11    12
    11    12    13
    12    13    14
    13    14    15
    14    15    16
    15    16    17
    16    18    19
    17    19    20
    18    20    21
    19    21    22
    20    22    23
    21    23    24
    22    24    25
    23    25    26
    24    26    27
    25    27    28
    26    28    29
    27    29    30
    28    30    31
    29    31    32
    30    32    33
    31    34    35
    32    35    36
    33    36    37
    34    37    38
    35    39    40
    36    40    41
    37    41    42
    38    42    43
    39    43    44
    40    44    45
    41    45    46
    42    46    47
    43    47    48
    44    48    49
    45    49    50
    46    50    51
    47    51    52
    48    52    53
    49    53    54
    50    55    56
    51    56    57
    52    57    58
    53    58    59
    54    59    60
    55    60    61
    56    61    62
    57    62    63
    58    63    64
    59    64    65
    60    65    66
    61    66    67
    62    67    68
    63    68    69
    64    69    70
    65    70    71
    66    72    73
    67    73    74
    68    74    75
    69    75    76
    70    76    77
    71    77    78
    72    78    79
    73    79    80
    74    80    81
    75    81    82
    76    82    83
    77    83    84
    78    84    85
    79    85    86
    80    87    88
    81    88    89
    82    89    90
    83    90    91
    84    91    92
    85    92    93
    86    93    94
    87    94    95
    88    95    96
    89    96    97
    90    97    98
    91    98    99
    92    99   100
    93   100   101
    94   101   102
    95   103   104
    96   104   105
    97   105   106
    98   106   107
    99   107   108
   100   108   109
   101   109   110
   102   110   111
   103   111   112
   104   112   113
   105   113   114
   106   114   115
   107   116   117
   108   117   118
   109   118   119
   110   119   120
   111   120   121
   112   121   122
   113   122   123
   114   123   124
   115   124   125
   116   125   126
   117   126   127
   118   127   128
   119   129   130
   120   130   131
   121   131   132
   122   132   133
   123   133   134
   124   134   135
   125   135   136
   126   136   137
   127   137   138
   128   138   139
   129   139   140
   130   140   141
   131   142   143
   132   143   144
   133   144   145
   134   145   146
   135   146   147
   136   147   148
   137   148   149
   138   150   151
   139   151   152
   140   152   153
   141   153   154
   142   154   155
   143   155   156
   144   156   157
   145   157   158
   146   158   159
   147   159   160
   148   160   161
   149   161   162
   150   162   163
   151   163   164
   152   165   166
   153   166   167
   154   167   168
   155   168   169
   156   169   170
   157   170   171
   158   171   172
   159   172   173
   160   174   175
   161   175   176
   162   176   177
   163   178   179
   164   179   180
   165   180   181
   166   181   182
   167   183   184
   168   184   185
   169   185   186
   170   186   187
   171   187   188
   172   188   189
   173   190   191
   174   191   192
   175   192   193
   176   193   194
   177   194   195
   178   195   196
   179   196   197
   180   197   198
   181   198   199
   182   199   200
   183   200   201
   184   201   202
   185   202   203
   186   203   204
   187   204   205
   188   206   207
   189   207   208
   190   208   209
   191   210   211
   192   212   213
   193   213   214
   194   214   215
   195   215   216
   196   216   217
   197   217   218
   198   218   219
   199   219   220
   200   220   221
   201   221   222
   202   222   223
   203   223   224
   204   224   225
   205   226   227
   206   227   228
   207   228   229
   208   229   230
   209   230   231
   210   231   232
   211   232   233
   212   233   234
   213   234   235
   214   235   236
   215   236   237
   216   237   238
   217   238   239
   218   239   240
   219   241   242
   220   242   243
   221   243   244
   222   244   245
   223   245   246
   224   246   247
   225   247   248
   226   248   249
   227   249   250
   228   250   251
   229   251   252
   230   252   253
   231   253   254
   232   254   255
   233   255   256
   234   256   257
   235   258   259
   236   259   260
   237   260   261
   238   262   263
   239   263   264
   240   264   265
   241   265   266
   242   266   267
   243   267   268
   244   268   269
   245   269   270
   246   270   271
   247   271   272
   248   272   273
   249   273   274
   250   274   275
   251   275   276
   252   276   277
   253   278   279
   254   279   280
   255   280   281
   256   281   282
   257   282   283
   258   283   284
   259   284   285
   260   286   287
   261   287   288
   262   288   289
   263   289   290
   264   290   291
   265   291   292
   266   292   293
   267   293   294
   268   294   295
   269   295   296
   270   296   297
   271   297   298
   272   298   299
   273   300   301
   274   301   302
   275   302   303
   276   304   305
   277   305   306
   278   306   307
   279   307   308
   280   308   309
   281   309   310
   282   310   311
   283   312   313
   284   313   314
   285   314   315
   286   315   316
   287   316   317
   288   318   319
   289   319   320
   290   320   321
   291   321   322
   292   322   323
   293   323   324
   294   324   325
   295   325   326
   296   326   327
   297   327   328
   298   328   329
   299   329   330
   300   330   331
   301   331   332
   302   333   334
   303   335   336
   304   336   337
   305   337   338
   306   338   339
   307   339   340
   308   340   341
   309   341   342
   310   342   343
   311   343   344
   312   344   345
   313   346   347
   314   347   348
   315   348   349
   316   349   350
   317   350   351
   318   351   352
   319   352   353
   320   353   354
   321   354   355
   322   355   356
   323   356   357
   324   357   358
   325   358   359
   326   359   360
   327   360   361
   328   361   362
   329   362   363
   330   364   365
   331   365   366
   332   366   367
   333   367   368
   334   368   369
   335   369   370
   336   370   371
   337   371   372
   338   372   373
   339   373   374
   340   374   375
   341   375   376
   342   376   377
   343   377   378
   344   378   379
   345   380   381
   346   381   382
   347   382   383
   348   383   384
   349   384   385
   350   385   386
   351   386   387
   352   388   389
   353   389   390
   354   390   391
   355   391   392
   356   393   394
   357   394   395
   358   395   396
   359   396   397
   360   397   398
   361   398   399
   362   399   400
   363   400   401
   364   401   402
   365   402   403
   366   403   404
   367   404   405
   368   405   406
   369   406   407
   370   407   408
   371   409   410
   372   410   411
   373   411   412
   374   412   413
   375   413   414
   376   414   415
   377   415   416
   378   416   417
   379   417   418
   380   418   419
   381   419   420
   382   420   421
   383   422   423
   384   423   424
   385   424   425
   386   425   426
   387   426   427
   388   427   428
   389   428   429
   390   429   430
   391   430   431
   392   431   432
   393   432   433
   394   434   435
   395   435   436
   396   436   437
   397   437   438
   398   438   439
   399   439   440
   400   440   441
   401   441   442
   402   442   443
   403   443   444
   404   444   445
   405   445   446
   406   446   447
   407   447   448
   408   448   449
   409   449   450
   410   451   452
   411   452   453
   412   453   454
   413   454   455
   414   456   457
   415   457   458
   416   458   459
   417   459   460
   418   460   461
   419   461   462
   420   462   463
   421   463   464
   422   464   465
   423   465   466
   424   466   467
   425   467   468
   426   468   469
   427   470   471
   428   471   472
   429   472   473
   430   473   474
   431   474   475
   432   475   476
   433   476   477
   434   478   479
   435   479   480
   436   480   481
   437   481   482
   438   482   483
   439   483   484
   440   484   485
   441   485   486
   442   487   488
   443   488   489
   444   490   491
   445   492   493
   446   493   494
   447   494   495
   448   495   496
   449   496   497
   450   497   498
   451   498   499
   452   499   500
   453   500   501
   454   501   502
   455   502   503
   456   503   504
   457   505   506
   458   506   507
   459   507   508
   460   508   509
   461   509   510
   462   510   511
   463   511   512
   464   512   513
   465   513   514
   466   514   515
   467   515   516
   468   516   517
   469   517   518
   470   519   520
   471   520   521
   472   521   522
   473   522   523
   474   523   524
   475   524   525
   476   525   526
   477   526   527
   478   527   528
   479   528   529
   480   529   530
   481   531   532
   482   532   533
   483   533   534
   484   534   535
   485   535   536
   486   536   537
   487   538   539
   488   539   540
   489   540   541
   490   541   542
   491   542   543
   492   543   544
   493   544   545
   494   545   546
   495   546   547
   496   547   548
   497   548   549
   498   549   550
   499   550   551
   500   551   552
   501   553   554
   502   554   555
   503   555   556
   504   556   557
   505   557   558
   506   558   559
   507   559   560
   508   560   561
   509   561   562
   510   562   563
   511   563   564
   512   564   565
   513   565   566
   514   567   568
   515   568   569
   516   569   570
   517   570   571
   518   571   572
   519   572   573
   520   573   574
   521   574   575
   522   575   576
   523   576   577
   524   577   578
   525   578   579
   526   579   580
   527   580   581
   528   582   583
   529   583   584
   530   584   585
   531   585   586
   532   586   587
   533   587   588
   534   588   589
   535   589   590
   536   590   591
   537   591   592
   538   592   593
   539   593   594
   540   594   595
   541   596   597
   542   597   598
   543   598   599
   544   599   600
   545   600   601
   546   601   602
   547   602   603
   548   603   604
   549   604   605
   550   605   606
   551   606   607
   552   607   608
   553   608   609
   554   609   610
   555   610   611
   556   611   612
   557   613   614
   558   614   615
   559   615   616
   560   616   617
   561   617   618
   562   618   619
   563   619   620
   564   620   621
   565   621   622
   566   622   623
   567   623   624
   568   624   625
   569   625   626
   570   626   627
   571   628   629
   572   629   630
   573   630   631
   574   631   632
   575   632   633
   576   633   634
   577   634   635
   578   635   636
   579   636   637
   580   638   639
   581   639   640
   582   640   641
   583   641   642
   584   642   643
   585   643   644
   586   644   645
   587   645   646
   588   646   647
   589   647   648
   590   648   649
   591   649   650
   592   650   651
   593   651   652
   594   653   654
   595   655   656
   596   656   657
   597   657   658
   598   658   659
   599   659   660
   600   660   661
   601   662   663
   602   663   664
   603   664   665
   604   665   666
   605   666   667
   606   667   668
   607   668   669
   608   669   670
   609   670   671
   610   671   672
   611   672   673
   612   673   674
   613   675   676
   614   676   677
   615   677   678
   616   678   679
   617   679   680
   618   680   681
   619   681   682
   620   682   683
   621   683   684
   622   684   685
   623   685   686
   624   686   687
   625   687   688
   626   688   689
   627   689   690
   628   691   692
   629   692   693
   630   694   695
   631   695   696
   632   696   697
   633   697   698
   634   698   699
   635   700   701
   636   701   702
   637   702   703
   638   703   704
   639   704   705
   640   705   706
   641   706   707
   642   707   708
   643   708   709
   644   709   710
   645   711   712
   646   712   713
   647   713   714
   648   714   715
   649   715   716
   650   716   717
   651   717   718
   652   718   719
   653   719   720
   654   720   721
   655   721   722
   656   722   723
   657   723   724
   658   725   726
   659   726   727
   660   727   728
   661   728   729
   662   729   730
   663   730   731
   664   731   732
   665   732   733
   666   733   734
   667   734   735
   668   735   736
   669   736   737
   670   737   738
   671   739   740
   672   740   741
   673   741   742
   674   742   743
   675   743   744
   676   744   745
   677   746   747
   678   747   748
   679   748   749
   680   749   750
   681   750   751
   682   751   752
   683   752   753
   684   753   754
   685   754   755
   686   755   756
   687   756   757
   688   757   758
   689   758   759
   690   760   761
   691   761   762
   692   762   763
   693   763   764
   694   764   765
   695   765   766
   696   766   767
   697   767   768
   698   768   769
   699   770   771
   700   771   772
   701   772   773
   702   773   774
   703   774   775
   704   775   776
   705   776   777
   706   777   778
   707   778   779
   708   780   781
   709   781   782
   710   782   783
   711   783   784
   712   784   785
   713   785   786
   714   786   787
   715   788   789
   716   789   790
   717   790   791
   718   791   792
   719   792   793
   720   794   795
   721   795   796
   722   796   797
   723   797   798
   724   798   799
   725   799   800
   726   800   801
   727   801   802
   728   802   803
   729   803   804
   730   804   805
   731   805   806
   732   806   807
   733   807   808
   734   809   810
   735   810   811
   736   811   812
   737   812   813
   738   813   814
   739   814   815
   740   815   816
   741   816   817
   742   817   818
   743   818   819
   744   819   820
   745   820   821
   746   821   822
   747   822   823
   748   823   824
   749   825   826
   750   826   827
   751   828   829
   752   829   830
   753   830   831
   754   831   832
   755   832   833
   756   833   834
   757   834   835
   758   835   836
   759   836   837
   760   837   838
   761   838   839
   762   839   840
   763   840   841
   764   841   842
   765   843   844
   766   844   845
   767   845   846
   768   846   847
   769   847   848
   770   848   849
   771   849   850
   772   850   851
   773   851   852
   774   852   853
   775   853   854
   776   854   855
   777   855   856
   778   856   857
   779   858   859
   780   859   860
   781   860   861
   782   861   862
   783   862   863
   784   863   864
   785   864   865
   786   866   867
   787   867   868
   788   868   869
   789   869   870
   790   870   871
   791   871   872
   792   872   873
   793   873   874
   794   874   875
   795   875   876
   796   876   877
   797   877   878
   798   878   879
   799   880   881
   800   881   882
   801   882   883
   802   883   884
   803   885   886
   804   886   887
   805   887   888
   806   888   889
   807   889   890
   808   890   891
   809   891   892
   810   892   893
   811   893   894
   812   894   895
   813   895   896
   814   896   897
   815   897   898
   816   898   899
   817   899   900
   818   901   902
   819   902   903
   820   903   904
   821   904   905
   822   905   906
   823   906   907
   824   907   908
   825   908   909
   826   909   910
   827   910   911
   828   911   912
   829   912   913
   830   913   914
   831   915   916
   832   916   917
   833   917   918
   834   918   919
   835   919   920
   836   920   921
   837   921   922
   838   922   923
   839   923   924
   840   924   925
   841   925   926
   842   926   927
   843   927   928
   844   928   929
   845   929   930
   846   931   932
   847   932   933
   848   933   934
   849   934   935
   850   935   936
   851   936   937
   852   937   938
   853   938   939
   854   939   940
   855   940   941
   856   941   942
   857   942   943
   858   943   944
   859   945   946
   860   946   947
   861   947   948
   862   948   949
   863   949   950
   864   950   951
   865   952   953
   866   953   954
   867   954   955
   868   955   956
   869   956   957
   870   957   958
   871   958   959
   872   959   960
   873   960   961
   874   961   962
   875   962   963
   876   963   964
   877   965   966
   878   966   967
   879   967   968
   880   968   969
   881   969   970
   882   970   971
   883   971   972
   884   972   973
   885   973   974
   886   974   975
   887   975   976
   888   976   977
   889   977   978
   890   978   979
   891   980   981
   892   981   982
   893   982   983
   894   984   985
   895   985   986
   896   986   987
   897   987   988
   898   988   989
   899   989   990
   900   990   991
   901   991   992
   902   992   993
   903   994   995
   904   995   996
   905   996   997
   906   997   998
   907   998   999
   908   999  1000
   909  1000  1001
   910  1001  1002
   911  1002  1003
   912  1003  1004
   913  1004  1005
   914  1005  1006
   915  1006  1007
   916  1007  1008
   917  1008  1009
   918  1009  1010
   919  1011  1012
   920  1012  1013
   921  1013  1014
   922  1014  1015
   923  1015  1016
   924  1016  1017
   925  1017  1018
   926  1018  1019
   927  1019  1020
   928  1020  1021
   929  1021  1022
   930  1022  1023
   931  1023  1024
   932  1025  1026
   933  1027  1028
   934  1028  1029
   935  1030  1031
   936  1031  1032
   937  1032  1033
   938  1033  1034
   939  1034  1035
   940  1035  1036
   941  1037  1038
   942  1038  1039
   943  1039  1040
   944  1040  1041
   945  1041  1042
   946  1043  1044
   947  1044  1045
   948  1045  1046
   949  1046  1047
   950  1047  1048
   951  1048  1049
   952  1049  1050
   953  1050  1051
   954  1051  1052
   955  1052  1053
   956  1053  1054
   957  1054  1055
   958  1055  1056
   959  1056  1057
   960  1058  1059
   961  1059  1060
   962  1060  1061
   963  1061  1062
   964  1062  1063
   965  1063  1064
   966  1064  1065
   967  1065  1066
   968  1066  1067
   969  1067  1068
   970  1068  1069
   971  1069  1070
   972  1070  1071
   973  1071  1072
   974  1073  1074
   975  1074  1075
   976  1075  1076
   977  1076  1077
   978  1077  1078
   979  1078  1079
   980  1079  1080
   981  1080  1081
   982  1081  1082
   983  1082  1083
   984  1083  1084
*Fibras 
100
     0     0     1     2
     1     3     4     5     6     7     8     9    10    11    12    13    14    15
     2    16    17    18    19    20    21    22    23    24    25    26    27    28    29    30
     3    31    32    33    34
     4    35    36    37    38    39    40    41    42    43    44    45    46    47    48    49
     5    50    51    52    53    54    55    56    57    58    59    60    61    62    63    64    65
     6    66    67    68    69    70    71    72    73    74    75    76    77    78    79
     7    80    81    82    83    84    85    86    87    88    89    90    91    92    93    94
     8    95    96    97    98    99   100   101   102   103   104   105   106
     9   107   108   109   110   111   112   113   114   115   116   117   118
    10   119   120   121   122   123   124   125   126   127   128   129   130
    11   131   132   133   134   135   136   137
    12   138   139   140   141   142   143   144   145   146   147   148   149   150   151
    13   152   153   154   155   156   157   158   159
    14   160   161   162
    15   163   164   165   166
    16   167   168   169   170   171   172
    17   173   174   175   176   177   178   179   180   181   182   183   184   185   186   187
    18   188   189   190
    19   191
    20   192   193   194   195   196   197   198   199   200   201   202   203   204
    21   205   206   207   208   209   210   211   212   213   214   215   216   217   218
    22   219   220   221   222   223   224   225   226   227   228   229   230   231   232   233   234
    23   235   236   237
    24   238   239   240   241   242   243   244   245   246   247   248   249   250   251   252
    25   253   254   255   256   257   258   259
    26   260   261   262   263   264   265   266   267   268   269   270   271   272
    27   273   274   275
    28   276   277   278   279   280   281   282
    29   283   284   285   286   287
    30   288   289   290   291   292   293   294   295   296   297   298   299   300   301
    31   302
    32   303   304   305   306   307   308   309   310   311   312
    33   313   314   315   316   317   318   319   320   321   322   323   324   325   326   327   328   329
    34   330   331   332   333   334   335   336   337   338   339   340   341   342   343   344
    35   345   346   347   348   349   350   351
    36   352   353   354   355
    37   356   357   358   359   360   361   362   363   364   365   366   367   368   369   370
    38   371   372   373   374   375   376   377   378   379   380   381   382
    39   383   384   385   386   387   388   389   390   391   392   393
    40   394   395   396   397   398   399   400   401   402   403   404   405   406   407   408   409
    41   410   411   412   413
    42   414   415   416   417   418   419   420   421   422   423   424   425   426
    43   427   428   429   430   431   432   433
    44   434   435   436   437   438   439   440   441
    45   442   443
    46   444
    47   445   446   447   448   449   450   451   452   453   454   455   456
    48   457   458   459   460   461   462   463   464   465   466   467   468   469
    49   470   471   472   473   474   475   476   477   478   479   480
    50   481   482   483   484   485   486
    51   487   488   489   490   491   492   493   494   495   496   497   498   499   500
    52   501   502   503   504   505   506   507   508   509   510   511   512   513
    53   514   515   516   517   518   519   520   521   522   523   524   525   526   527
    54   528   529   530   531   532   533   534   535   536   537   538   539   540
    55   541   542   543   544   545   546   547   548   549   550   551   552   553   554   555   556
    56   557   558   559   560   561   562   563   564   565   566   567   568   569   570
    57   571   572   573   574   575   576   577   578   579
    58   580   581   582   583   584   585   586   587   588   589   590   591   592   593
    59   594
    60   595   596   597   598   599   600
    61   601   602   603   604   605   606   607   608   609   610   611   612
    62   613   614   615   616   617   618   619   620   621   622   623   624   625   626   627
    63   628   629
    64   630   631   632   633   634
    65   635   636   637   638   639   640   641   642   643   644
    66   645   646   647   648   649   650   651   652   653   654   655   656   657
    67   658   659   660   661   662   663   664   665   666   667   668   669   670
    68   671   672   673   674   675   676
    69   677   678   679   680   681   682   683   684   685   686   687   688   689
    70   690   691   692   693   694   695   696   697   698
    71   699   700   701   702   703   704   705   706   707
    72   708   709   710   711   712   713   714
    73   715   716   717   718   719
    74   720   721   722   723   724   725   726   727   728   729   730   731   732   733
    75   734   735   736   737   738   739   740   741   742   743   744   745   746   747   748
    76   749   750
    77   751   752   753   754   755   756   757   758   759   760   761   762   763   764
    78   765   766   767   768   769   770   771   772   773   774   775   776   777   778
    79   779   780   781   782   783   784   785
    80   786   787   788   789   790   791   792   793   794   795   796   797   798
    81   799   800   801   802
    82   803   804   805   806   807   808   809   810   811   812   813   814   815   816   817
    83   818   819   820   821   822   823   824   825   826   827   828   829   830
    84   831   832   833   834   835   836   837   838   839   840   841   842   843   844   845
    85   846   847   848   849   850   851   852   853   854   855   856   857   858
    86   859   860   861   862   863   864
    87   865   866   867   868   869   870   871   872   873   874   875   876
    88   877   878   879   880   881   882   883   884   885   886   887   888   889   890
    89   891   892   893
    90   894   895   896   897   898   899   900   901   902
    91   903   904   905   906   907   908   909   910   911   912   913   914   915   916   917   918
    92   919   920   921   922   923   924   925   926   927   928   929   930   931
    93   932
    94   933   934
    95   935   936   937   938   939   940
    96   941   942   943   944   945
    97   946   947   948   949   950   951   952   953   954   955   956   957   958   959
    98   960   961   962   963   964   965   966   967   968   969   970   971   972   973
    99   974   975   976   977   978   979   980   981   982   983   984
