*Parametros (L) 
   1.00000000e+00
*Coordenadas 
1107
     0 1  +7.69945857e-02  +0.00000000e+00
     1 0  +8.65617198e-02  +7.27065865e-02
     2 0  +6.67678004e-02  +1.43318048e-01
     3 0  +6.21042453e-02  +2.16502944e-01
     4 0  +3.46312260e-02  +2.84495672e-01
     5 1  -7.63278329e-17  +3.17995912e-01
     6 1  +1.00000000e+00  +4.34835871e-01
     7 0  +9.32121875e-01  +4.07080908e-01
     8 0  +8.58927160e-01  +4.02574086e-01
     9 0  +7.86680091e-01  +3.89998764e-01
    10 0  +7.13418687e-01  +3.86751539e-01
    11 0  +6.41733188e-01  +4.02210098e-01
    12 0  +5.70892252e-01  +4.21166351e-01
    13 0  +5.00297215e-01  +4.41018773e-01
    14 0  +4.34724974e-01  +4.73852581e-01
    15 0  +3.69072781e-01  +5.06526229e-01
    16 0  +2.99792538e-01  +5.30568395e-01
    17 0  +2.27505104e-01  +5.42909570e-01
    18 0  +1.54692056e-01  +5.51629539e-01
    19 0  +8.37322258e-02  +5.70135762e-01
    20 0  +1.73164956e-02  +6.01228021e-01
    21 1  -8.32667268e-17  +6.12395099e-01
    22 1  +0.00000000e+00  +7.59076759e-01
    23 0  +6.51606047e-02  +7.25433434e-01
    24 0  +1.38128636e-01  +7.18122878e-01
    25 0  +2.11287308e-01  +7.13064577e-01
    26 0  +2.82098993e-01  +7.32129808e-01
    27 0  +3.55337623e-01  +7.35855525e-01
    28 0  +4.28326247e-01  +7.42957530e-01
    29 0  +5.01473536e-01  +7.37737196e-01
    30 0  +5.73626072e-01  +7.24630354e-01
    31 0  +6.44911359e-01  +7.41840399e-01
    32 0  +7.17412007e-01  +7.52860102e-01
    33 0  +7.81330062e-01  +7.88808120e-01
    34 0  +8.47016649e-01  +8.21412568e-01
    35 0  +9.04396768e-01  +8.67077650e-01
    36 0  +9.73395858e-01  +8.91915189e-01
    37 1  +1.00000000e+00  +9.02402111e-01
    38 1  +0.00000000e+00  +7.16911523e-01
    39 0  +1.76146591e-02  +6.45725137e-01
    40 0  +5.16408837e-02  +5.80763658e-01
    41 0  +9.16634028e-02  +5.19314689e-01
    42 0  +1.06789865e-01  +4.47558380e-01
    43 0  +1.24170064e-01  +3.76314387e-01
    44 0  +1.65491969e-01  +3.15731568e-01
    45 0  +1.82233446e-01  +2.44334785e-01
    46 0  +2.06348846e-01  +1.75080000e-01
    47 0  +2.30365324e-01  +1.05790848e-01
    48 0  +2.52662807e-01  +3.59295563e-02
    49 1  +2.68331232e-01  -4.85722573e-17
    50 1  +1.00000000e+00  +2.77372656e-01
    51 0  +9.34238872e-01  +2.44918814e-01
    52 0  +8.61257491e-01  +2.37742763e-01
    53 0  +7.89698417e-01  +2.21709150e-01
    54 0  +7.16646712e-01  +2.28129916e-01
    55 0  +6.45720046e-01  +2.09496993e-01
    56 0  +5.72391359e-01  +2.08671491e-01
    57 0  +5.04891096e-01  +2.37333176e-01
    58 0  +4.33580217e-01  +2.54436869e-01
    59 0  +3.60270214e-01  +2.52587184e-01
    60 0  +2.89288845e-01  +2.34163750e-01
    61 0  +2.17642971e-01  +2.18522566e-01
    62 0  +1.53114034e-01  +1.83683019e-01
    63 0  +9.02028351e-02  +1.46000678e-01
    64 0  +2.90839919e-02  +1.05475812e-01
    65 1  -1.28369537e-16  +9.30954795e-02
    66 1  +3.04049468e-01  +0.00000000e+00
    67 0  +2.57138711e-01  +5.63662905e-02
    68 0  +1.98905098e-01  +1.00937852e-01
    69 0  +1.29014282e-01  +1.23142616e-01
    70 0  +5.58830696e-02  +1.17701700e-01
    71 1  +2.28983499e-16  +1.30228146e-01
    72 1  +3.76322124e-01  +0.00000000e+00
    73 0  +3.41414916e-01  +6.44923609e-02
    74 0  +2.94103679e-01  +1.20522930e-01
    75 0  +2.34750159e-01  +1.63591914e-01
    76 0  +1.64233626e-01  +1.83721403e-01
    77 0  +1.04206518e-01  +2.25846503e-01
    78 0  +4.04701930e-02  +2.62115756e-01
    79 1  -1.24900090e-16  +2.78007490e-01
    80 1  +1.00000000e+00  +5.75060454e-01
    81 0  +9.76942894e-01  +6.44674732e-01
    82 0  +9.82211509e-01  +7.17818559e-01
    83 1  +1.00000000e+00  +7.80338761e-01
    84 1  +3.20538229e-01  +1.00000000e+00
    85 0  +2.98634438e-01  +9.30014275e-01
    86 0  +3.05194049e-01  +8.56974907e-01
    87 0  +2.95326737e-01  +7.84308450e-01
    88 0  +2.89326802e-01  +7.11220978e-01
    89 0  +2.72998242e-01  +6.39728629e-01
    90 0  +2.34039464e-01  +5.77599800e-01
    91 0  +2.09342127e-01  +5.08550403e-01
    92 0  +1.68000716e-01  +4.47980893e-01
    93 0  +1.54255219e-01  +3.75947296e-01
    94 0  +1.44938805e-01  +3.03208158e-01
    95 0  +1.08137505e-01  +2.39777550e-01
    96 0  +6.49957226e-02  +1.80476923e-01
    97 0  +2.43016366e-02  +1.19470618e-01
    98 1  -6.00214323e-16  +9.19187141e-02
    99 1  +5.54708785e-01  +1.00000000e+00
   100 0  +5.90820308e-01  +9.36174177e-01
   101 0  +6.40344897e-01  +8.82090049e-01
   102 0  +6.90075138e-01  +8.28194958e-01
   103 0  +7.28026477e-01  +7.65445666e-01
   104 0  +7.84264494e-01  +7.18381208e-01
   105 0  +8.51944528e-01  +6.90146641e-01
   106 0  +9.24993626e-01  +6.83696280e-01
   107 0  +9.96448959e-01  +6.67206493e-01
   108 1  +1.00000000e+00  +6.65885206e-01
   109 1  +1.00000000e+00  +8.94649269e-01
   110 0  +9.43898892e-01  +8.47421697e-01
   111 0  +8.82895471e-01  +8.06723289e-01
   112 0  +8.27682025e-01  +7.58460953e-01
   113 0  +7.70477810e-01  +7.12575710e-01
   114 0  +7.14642267e-01  +6.65034465e-01
   115 0  +6.47855772e-01  +6.34746813e-01
   116 0  +5.75528037e-01  +6.22644068e-01
   117 0  +5.10916361e-01  +5.87958203e-01
   118 0  +4.54524663e-01  +5.41077993e-01
   119 0  +3.88855779e-01  +5.08437903e-01
   120 0  +3.28367935e-01  +4.66977095e-01
   121 0  +2.64669618e-01  +4.30641133e-01
   122 0  +1.98575041e-01  +3.98871892e-01
   123 0  +1.26695998e-01  +3.84339828e-01
   124 0  +6.66153673e-02  +3.42291099e-01
   125 1  -4.30211422e-16  +3.12629542e-01
   126 1  +6.10060195e-01  +1.00000000e+00
   127 0  +5.36898057e-01  +9.94992081e-01
   128 0  +4.68634601e-01  +9.68198830e-01
   129 0  +4.12548087e-01  +9.20953927e-01
   130 0  +3.58412214e-01  +8.71485907e-01
   131 0  +2.92026398e-01  +8.40329830e-01
   132 0  +2.39214675e-01  +7.89450564e-01
   133 0  +1.79377588e-01  +7.47055979e-01
   134 0  +1.20252944e-01  +7.03673330e-01
   135 0  +5.04501891e-02  +6.81193268e-01
   136 1  -2.01227923e-16  +6.78175138e-01
   137 1  +5.60948304e-01  +1.00000000e+00
   138 0  +4.88946998e-01  +9.86086351e-01
   139 0  +4.26264171e-01  +9.48025335e-01
   140 0  +3.53534273e-01  +9.38637059e-01
   141 0  +2.80366863e-01  +9.43567372e-01
   142 0  +2.07486230e-01  +9.35431587e-01
   143 0  +1.37830739e-01  +9.12499287e-01
   144 0  +6.45055095e-02  +9.11409089e-01
   145 1  -1.38777878e-17  +9.09677154e-01
   146 1  +1.94435426e-01  +1.00000000e+00
   147 0  +2.67708489e-01  +9.97027456e-01
   148 1  +2.78152658e-01  +1.00000000e+00
   149 1  +0.00000000e+00  +3.21861290e-01
   150 0  +3.22028281e-02  +2.55976878e-01
   151 0  +3.76298926e-02  +1.82844637e-01
   152 0  +5.98577831e-02  +1.12961172e-01
   153 0  +1.07151830e-01  +5.69160930e-02
   154 1  +1.38478273e-01  -4.16333634e-17
   155 1  +9.20022139e-01  +0.00000000e+00
   156 0  +8.82231452e-01  +6.28461754e-02
   157 0  +8.31611931e-01  +1.15906913e-01
   158 0  +7.82011100e-01  +1.69921127e-01
   159 0  +7.22866756e-01  +2.13276916e-01
   160 0  +6.62871360e-01  +2.55447168e-01
   161 0  +6.01339273e-01  +2.95341781e-01
   162 0  +5.29124712e-01  +3.08102457e-01
   163 0  +4.57225088e-01  +3.22532350e-01
   164 0  +3.86463058e-01  +3.41781064e-01
   165 0  +3.29498573e-01  +3.87963584e-01
   166 0  +2.77645016e-01  +4.39819022e-01
   167 0  +2.49643316e-01  +5.07595733e-01
   168 0  +2.45123308e-01  +5.80789635e-01
   169 0  +2.38559906e-01  +6.53828662e-01
   170 0  +2.09233910e-01  +7.21042974e-01
   171 0  +1.77779835e-01  +7.87288117e-01
   172 0  +1.40077826e-01  +8.50187531e-01
   173 0  +1.06700965e-01  +9.15485027e-01
   174 0  +1.00506517e-01  +9.88556270e-01
   175 1  +1.03012748e-01  +1.00000000e+00
   176 1  +9.12080845e-01  +1.00000000e+00
   177 0  +9.80418278e-01  +9.73395996e-01
   178 1  +1.00000000e+00  +9.55597362e-01
   179 1  +5.53321478e-01  +1.00000000e+00
   180 0  +5.60446723e-01  +9.27013641e-01
   181 0  +5.73443771e-01  +8.54841246e-01
   182 0  +5.66178198e-01  +7.81868722e-01
   183 0  +5.85740702e-01  +7.11192798e-01
   184 0  +5.84230573e-01  +6.37875015e-01
   185 0  +5.80567403e-01  +5.64633231e-01
   186 0  +5.78140132e-01  +4.91340079e-01
   187 0  +5.49657276e-01  +4.23764161e-01
   188 0  +5.21446675e-01  +3.56074134e-01
   189 0  +4.69160008e-01  +3.04655439e-01
   190 0  +4.06301480e-01  +2.66885302e-01
   191 0  +3.60988852e-01  +2.09226448e-01
   192 0  +3.37479430e-01  +1.39763617e-01
   193 0  +3.07958340e-01  +7.26347633e-02
   194 1  +3.04418692e-01  -8.32667268e-17
   195 1  +0.00000000e+00  +3.82222739e-01
   196 0  +7.25362449e-02  +3.93005640e-01
   197 0  +1.45715288e-01  +3.97760154e-01
   198 0  +2.19027945e-01  +3.99501434e-01
   199 0  +2.91954411e-01  +4.07215600e-01
   200 0  +3.65286307e-01  +4.06756449e-01
   201 0  +4.36445658e-01  +4.24480009e-01
   202 0  +5.08990022e-01  +4.35208152e-01
   203 0  +5.81458467e-01  +4.46437678e-01
   204 0  +6.47270920e-01  +4.78787312e-01
   205 0  +7.04182328e-01  +5.25035224e-01
   206 0  +7.43109294e-01  +5.87183990e-01
   207 0  +7.56347734e-01  +6.59312497e-01
   208 0  +7.66264315e-01  +7.31972246e-01
   209 0  +7.58253522e-01  +8.04866725e-01
   210 0  +7.53536602e-01  +8.78048201e-01
   211 0  +7.51302033e-01  +9.51347481e-01
   212 1  +7.67674429e-01  +1.00000000e+00
   213 1  +1.00000000e+00  +6.33785229e-01
   214 0  +9.43036816e-01  +6.79969355e-01
   215 0  +8.88609977e-01  +7.29117061e-01
   216 0  +8.39777260e-01  +7.83826690e-01
   217 0  +7.75752684e-01  +8.19584646e-01
   218 0  +7.31431141e-01  +8.78008773e-01
   219 0  +7.05339601e-01  +9.46543503e-01
   220 1  +6.97491534e-01  +1.00000000e+00
   221 1  +1.31643459e-01  +0.00000000e+00
   222 0  +1.32597114e-01  +7.33271322e-02
   223 0  +1.28165390e-01  +1.46526433e-01
   224 0  +1.41901301e-01  +2.18561858e-01
   225 0  +1.71653850e-01  +2.85588447e-01
   226 0  +1.93134768e-01  +3.55705121e-01
   227 0  +2.19707789e-01  +4.24054608e-01
   228 0  +2.37652535e-01  +4.95158502e-01
   229 0  +2.63801443e-01  +5.63671365e-01
   230 0  +2.97307232e-01  +6.28902798e-01
   231 0  +3.38121825e-01  +6.89828547e-01
   232 0  +3.73555299e-01  +7.54033272e-01
   233 0  +4.18694368e-01  +8.11828100e-01
   234 0  +4.49223179e-01  +8.78504704e-01
   235 0  +4.89673020e-01  +9.39673227e-01
   236 1  +5.08716198e-01  +1.00000000e+00
   237 1  +6.75681424e-02  +1.00000000e+00
   238 0  +5.81881758e-02  +9.27269030e-01
   239 0  +3.00705197e-02  +8.59540342e-01
   240 1  -2.77555756e-17  +8.29723727e-01
   241 1  +1.13705323e-01  +0.00000000e+00
   242 0  +1.31158050e-01  +7.12262598e-02
   243 0  +1.73666785e-01  +1.30982308e-01
   244 0  +2.22850889e-01  +1.85376256e-01
   245 0  +2.73818896e-01  +2.38102342e-01
   246 0  +3.34009325e-01  +2.79993749e-01
   247 0  +3.88569130e-01  +3.28993805e-01
   248 0  +4.52121212e-01  +3.65584933e-01
   249 0  +5.18451758e-01  +3.96858507e-01
   250 0  +5.70129726e-01  +4.48888935e-01
   251 0  +6.08868563e-01  +5.11155140e-01
   252 0  +6.32810642e-01  +5.80470034e-01
   253 0  +6.67748725e-01  +6.44945674e-01
   254 0  +6.86888975e-01  +7.15737119e-01
   255 0  +6.98697899e-01  +7.88113407e-01
   256 0  +6.84600126e-01  +8.60078889e-01
   257 0  +6.91661574e-01  +9.33071448e-01
   258 1  +6.81200199e-01  +1.00000000e+00
   259 1  +0.00000000e+00  +5.86158841e-01
   260 0  +2.27603744e-02  +6.55870699e-01
   261 0  +6.72094345e-02  +7.14197870e-01
   262 0  +1.15176457e-01  +7.69668065e-01
   263 0  +1.71884983e-01  +8.16164526e-01
   264 0  +2.42344236e-01  +8.36493603e-01
   265 0  +3.15256797e-01  +8.28649100e-01
   266 0  +3.82776959e-01  +8.00034322e-01
   267 0  +4.47885825e-01  +7.66290976e-01
   268 0  +4.96601697e-01  +7.11477277e-01
   269 0  +5.24067382e-01  +6.43481587e-01
   270 0  +5.39043887e-01  +5.71693830e-01
   271 0  +5.51018137e-01  +4.99344710e-01
   272 0  +5.67475479e-01  +4.27881897e-01
   273 0  +5.99510421e-01  +3.61915691e-01
   274 0  +6.09819046e-01  +2.89310526e-01
   275 0  +6.01415929e-01  +2.16460232e-01
   276 0  +6.16081642e-01  +1.44608338e-01
   277 0  +6.50643668e-01  +7.99303340e-02
   278 0  +6.80355723e-01  +1.28857850e-02
   279 1  +6.86316826e-01  -1.49186219e-16
   280 1  +5.90574662e-02  +0.00000000e+00
   281 0  +1.31655523e-01  +1.03585704e-02
   282 0  +2.04673176e-01  +1.71556337e-02
   283 0  +2.74305327e-01  +4.01587046e-02
   284 0  +3.40831526e-01  +7.10138943e-02
   285 0  +4.03857902e-01  +1.08503275e-01
   286 0  +4.67712708e-01  +1.44563524e-01
   287 0  +5.34485535e-01  +1.74881296e-01
   288 0  +5.84735773e-01  +2.28291888e-01
   289 0  +6.16202849e-01  +2.94530857e-01
   290 0  +6.29676077e-01  +3.66615875e-01
   291 0  +6.56866131e-01  +4.34722253e-01
   292 0  +6.84312382e-01  +5.02725791e-01
   293 0  +6.90381807e-01  +5.75807525e-01
   294 0  +6.84174084e-01  +6.48877641e-01
   295 0  +6.70819926e-01  +7.20984813e-01
   296 0  +6.38574862e-01  +7.86848564e-01
   297 0  +5.88946548e-01  +8.40837527e-01
   298 0  +5.39413528e-01  +8.94913934e-01
   299 0  +4.85222626e-01  +9.44321665e-01
   300 1  +4.37779820e-01  +1.00000000e+00
   301 1  +0.00000000e+00  +7.54585613e-01
   302 0  +5.59155617e-02  +8.02032718e-01
   303 0  +1.13071575e-01  +8.47977988e-01
   304 0  +1.81757537e-01  +8.73668773e-01
   305 0  +2.54381846e-01  +8.83841654e-01
   306 0  +3.19464468e-01  +9.17635590e-01
   307 0  +3.71462017e-01  +9.69346640e-01
   308 1  +4.22910170e-01  +1.00000000e+00
   309 1  +5.61247309e-01  +0.00000000e+00
   310 0  +5.38718125e-01  +6.97869160e-02
   311 0  +5.25018387e-01  +1.41829230e-01
   312 0  +4.89548794e-01  +2.06014008e-01
   313 0  +4.61114427e-01  +2.73610343e-01
   314 0  +4.51952441e-01  +3.46369094e-01
   315 0  +4.31118694e-01  +4.16680777e-01
   316 0  +3.90549425e-01  +4.77770155e-01
   317 0  +3.38637034e-01  +5.29566694e-01
   318 0  +2.79295465e-01  +5.72652145e-01
   319 0  +2.39406942e-01  +6.34188179e-01
   320 0  +2.22525154e-01  +7.05551916e-01
   321 0  +1.87325448e-01  +7.69885099e-01
   322 0  +1.45165886e-01  +8.29888008e-01
   323 0  +1.23217302e-01  +8.99859699e-01
   324 0  +1.05264775e-01  +9.70961629e-01
   325 1  +9.43625767e-02  +1.00000000e+00
   326 1  +1.00000000e+00  +3.95995144e-01
   327 0  +9.43789591e-01  +3.48897716e-01
   328 0  +8.94079938e-01  +2.94983636e-01
   329 0  +8.62784689e-01  +2.28663313e-01
   330 0  +8.33203528e-01  +1.61560908e-01
   331 0  +7.82069496e-01  +1.08995820e-01
   332 0  +7.42349320e-01  +4.73509875e-02
   333 1  +7.19423070e-01  -1.17961196e-16
   334 1  +4.49019376e-01  +0.00000000e+00
   335 0  +5.11137195e-01  +3.89763303e-02
   336 0  +5.72338697e-01  +7.93762552e-02
   337 0  +6.32588141e-01  +1.21182741e-01
   338 0  +6.87786128e-01  +1.69462757e-01
   339 0  +7.55515738e-01  +1.97578192e-01
   340 0  +8.13128521e-01  +2.42949384e-01
   341 0  +8.71315301e-01  +2.87582067e-01
   342 0  +9.37487953e-01  +3.19188363e-01
   343 1  +1.00000000e+00  +3.46815860e-01
   344 1  +9.87920973e-01  +0.00000000e+00
   345 1  +1.00000000e+00  +1.27574301e-03
   346 1  +0.00000000e+00  +1.71547647e-01
   347 0  +7.07588870e-02  +1.90807909e-01
   348 0  +1.41530442e-01  +2.10021570e-01
   349 0  +2.10830807e-01  +2.34005674e-01
   350 0  +2.64474350e-01  +2.84007154e-01
   351 0  +3.32529751e-01  +3.11324551e-01
   352 0  +4.05625485e-01  +3.17222980e-01
   353 0  +4.72369056e-01  +3.47605104e-01
   354 0  +5.25253663e-01  +3.98408610e-01
   355 0  +5.81576988e-01  +4.45370944e-01
   356 0  +6.44750083e-01  +4.82612557e-01
   357 0  +7.10220104e-01  +5.15649721e-01
   358 0  +7.81709290e-01  +5.31992124e-01
   359 0  +8.45865254e-01  +5.67513807e-01
   360 0  +9.11716681e-01  +5.99784031e-01
   361 0  +9.64177632e-01  +6.51024898e-01
   362 1  +1.00000000e+00  +6.66170614e-01
   363 1  +0.00000000e+00  +9.90778557e-01
   364 1  +1.54484751e-02  +1.00000000e+00
   365 1  +0.00000000e+00  +7.64441126e-01
   366 0  +4.43878947e-02  +8.22814858e-01
   367 0  +9.48947306e-02  +8.75982868e-01
   368 0  +1.55629944e-01  +9.17080455e-01
   369 0  +2.27197350e-01  +9.33076834e-01
   370 0  +2.98042240e-01  +9.52018307e-01
   371 0  +3.70632861e-01  +9.62428851e-01
   372 0  +4.41007190e-01  +9.83049996e-01
   373 1  +5.05429692e-01  +1.00000000e+00
   374 1  +7.04086399e-02  +0.00000000e+00
   375 0  +9.82305451e-02  +6.78507139e-02
   376 0  +1.30273781e-01  +1.33812891e-01
   377 0  +1.76267539e-01  +1.90929894e-01
   378 0  +2.20830546e-01  +2.49170053e-01
   379 0  +2.53242077e-01  +3.14952045e-01
   380 0  +3.05699995e-01  +3.66196016e-01
   381 0  +3.54487913e-01  +4.20945599e-01
   382 0  +3.99671588e-01  +4.78705562e-01
   383 0  +4.44819145e-01  +5.36493760e-01
   384 0  +5.04453489e-01  +5.79173062e-01
   385 0  +5.46771897e-01  +6.39064047e-01
   386 0  +5.68156405e-01  +7.09210184e-01
   387 0  +6.08971781e-01  +7.70135408e-01
   388 0  +6.34966590e-01  +8.38706886e-01
   389 0  +6.55970452e-01  +9.08967939e-01
   390 0  +6.64428767e-01  +9.81811846e-01
   391 1  +6.66274169e-01  +1.00000000e+00
   392 1  +5.97314008e-01  +0.00000000e+00
   393 0  +5.25878433e-01  +1.65751743e-02
   394 0  +4.59325189e-01  +4.73719826e-02
   395 0  +3.97000262e-01  +8.60162740e-02
   396 0  +3.24448240e-01  +9.66925074e-02
   397 0  +2.51115419e-01  +9.64184203e-02
   398 0  +1.81068366e-01  +7.47115514e-02
   399 0  +1.10945229e-01  +5.32517438e-02
   400 0  +5.39103250e-02  +7.15621735e-03
   401 1  +4.75299670e-02  -9.54097912e-18
   402 1  +3.48250489e-01  +0.00000000e+00
   403 0  +3.84016726e-01  +6.40199510e-02
   404 0  +4.13371018e-01  +1.31221910e-01
   405 0  +4.28853447e-01  +2.02902257e-01
   406 0  +4.18157916e-01  +2.75451436e-01
   407 0  +4.19567738e-01  +3.48771217e-01
   408 0  +4.36853001e-01  +4.20038302e-01
   409 0  +4.75428324e-01  +4.82405940e-01
   410 0  +5.33732794e-01  +5.26884772e-01
   411 0  +6.04347898e-01  +5.46665693e-01
   412 0  +6.60899009e-01  +5.93353481e-01
   413 0  +7.31273734e-01  +6.13973276e-01
   414 0  +8.00796744e-01  +6.37304132e-01
   415 0  +8.69886160e-01  +6.61889299e-01
   416 0  +9.40513657e-01  +6.81625924e-01
   417 1  +1.00000000e+00  +7.23788936e-01
   418 1  +0.00000000e+00  +6.29614593e-01
   419 0  +5.82194544e-02  +5.85024539e-01
   420 0  +1.08479195e-01  +5.31622889e-01
   421 0  +1.39573105e-01  +4.65207932e-01
   422 0  +1.58508409e-01  +3.94361393e-01
   423 0  +1.58944691e-01  +3.21029357e-01
   424 0  +1.46337074e-01  +2.48787917e-01
   425 0  +1.05816759e-01  +1.87666056e-01
   426 0  +5.87498762e-02  +1.31430068e-01
   427 0  +3.23421410e-02  +6.30165512e-02
   428 1  +1.42561826e-02  +1.38777878e-17
   429 1  +0.00000000e+00  +5.63838923e-01
   430 0  +5.84773458e-02  +6.08090226e-01
   431 0  +1.05398443e-01  +6.64447909e-01
   432 0  +1.66322189e-01  +7.05265491e-01
   433 0  +2.10780228e-01  +7.63585817e-01
   434 0  +2.44636040e-01  +8.28636273e-01
   435 0  +2.82582484e-01  +8.91388525e-01
   436 0  +3.32857693e-01  +9.44775613e-01
   437 0  +3.98569836e-01  +9.77328525e-01
   438 1  +4.20362639e-01  +1.00000000e+00
   439 1  +2.72998653e-01  +0.00000000e+00
   440 0  +2.15686117e-01  +4.57498747e-02
   441 0  +1.79805889e-01  +1.09706008e-01
   442 0  +1.29920892e-01  +1.63457891e-01
   443 0  +6.94437321e-02  +2.04934280e-01
   444 0  +1.22795649e-02  +2.50869406e-01
   445 1  -1.92554306e-16  +2.62442185e-01
   446 1  +0.00000000e+00  +7.51865514e-01
   447 0  +6.94753320e-02  +7.28393061e-01
   448 0  +1.33929416e-01  +6.93415228e-01
   449 0  +2.06634660e-01  +6.83837894e-01
   450 0  +2.76049952e-01  +6.60188477e-01
   451 0  +3.45070825e-01  +6.35411534e-01
   452 0  +4.15146063e-01  +6.13795828e-01
   453 0  +4.76591642e-01  +5.73768104e-01
   454 0  +5.43073238e-01  +5.42816931e-01
   455 0  +6.12738564e-01  +5.19914525e-01
   456 0  +6.85979386e-01  +5.16232173e-01
   457 0  +7.56426295e-01  +5.36603986e-01
   458 0  +8.26599500e-01  +5.57899507e-01
   459 0  +8.94291449e-01  +5.86105494e-01
   460 0  +9.45877351e-01  +6.38227203e-01
   461 0  +9.97012428e-01  +6.90791275e-01
   462 1  +1.00000000e+00  +6.94576309e-01
   463 1  +0.00000000e+00  +9.88817673e-01
   464 1  +2.20881038e-02  +1.00000000e+00
   465 1  +1.00000000e+00  +9.19812196e-01
   466 0  +9.64426116e-01  +9.83939231e-01
   467 1  +9.58320374e-01  +1.00000000e+00
   468 1  +1.00000000e+00  +6.13303956e-01
   469 0  +9.39341762e-01  +6.54515069e-01
   470 0  +8.80948720e-01  +6.98877559e-01
   471 0  +8.25688654e-01  +7.47086510e-01
   472 0  +7.76411620e-01  +8.01396285e-01
   473 0  +7.16384890e-01  +8.43521924e-01
   474 0  +6.72388242e-01  +9.02191104e-01
   475 0  +6.09551352e-01  +9.39997228e-01
   476 0  +5.46259598e-01  +9.77036825e-01
   477 0  +4.75083277e-01  +9.94692109e-01
   478 0  +4.01763382e-01  +9.96095940e-01
   479 1  +3.79265653e-01  +1.00000000e+00
   480 1  +0.00000000e+00  +4.78789455e-01
   481 0  +7.15995072e-02  +4.94641533e-01
   482 0  +1.44525781e-01  +5.02357518e-01
   483 0  +2.10232514e-01  +5.34921347e-01
   484 0  +2.64796002e-01  +5.83917302e-01
   485 0  +3.29030822e-01  +6.19296189e-01
   486 0  +3.99685544e-01  +6.38935133e-01
   487 0  +4.62210535e-01  +6.77254882e-01
   488 0  +5.32987996e-01  +6.96446778e-01
   489 0  +6.06321150e-01  +6.96284589e-01
   490 0  +6.74261862e-01  +7.23885990e-01
   491 0  +7.42166734e-01  +7.51575449e-01
   492 0  +8.07448178e-01  +7.84983695e-01
   493 0  +8.66793459e-01  +8.28064031e-01
   494 0  +9.15243853e-01  +8.83112529e-01
   495 0  +9.54566403e-01  +9.45011761e-01
   496 1  +1.00000000e+00  +9.97615623e-01
   497 1  +4.72419697e-01  +1.00000000e+00
   498 0  +5.19175334e-01  +9.43504972e-01
   499 0  +5.84441289e-01  +9.10066478e-01
   500 0  +6.57354418e-01  +9.02227255e-01
   501 0  +7.30477932e-01  +9.07770674e-01
   502 0  +8.03810747e-01  +9.08046421e-01
   503 0  +8.75995958e-01  +9.20972095e-01
   504 0  +9.48324134e-01  +9.33072208e-01
   505 1  +1.00000000e+00  +9.53969985e-01
   506 1  +7.67838918e-01  +0.00000000e+00
   507 0  +8.14549218e-01  +5.65325188e-02
   508 0  +8.67260382e-01  +1.07515957e-01
   509 0  +9.29076986e-01  +1.46968272e-01
   510 0  +9.94723182e-01  +1.79653969e-01
   511 1  +1.00000000e+00  +1.84030018e-01
   512 1  +8.00453359e-01  +0.00000000e+00
   513 0  +7.73366250e-01  +6.81473863e-02
   514 0  +7.31997652e-01  +1.28698331e-01
   515 0  +6.90045011e-01  +1.88846097e-01
   516 0  +6.46383487e-01  +2.47765101e-01
   517 0  +5.83328277e-01  +2.85205965e-01
   518 0  +5.37550283e-01  +3.42496043e-01
   519 0  +4.72957374e-01  +3.77216842e-01
   520 0  +4.07437166e-01  +4.10154361e-01
   521 0  +3.41198500e-01  +4.41622072e-01
   522 0  +2.83439912e-01  +4.86807505e-01
   523 0  +2.39532641e-01  +5.45543604e-01
   524 0  +2.17376705e-01  +6.15449915e-01
   525 0  +1.86493515e-01  +6.81963119e-01
   526 0  +1.36310792e-01  +7.35437151e-01
   527 0  +8.85049017e-02  +7.91046275e-01
   528 0  +2.66148218e-02  +8.30383227e-01
   529 1  -2.42861287e-17  +8.46539422e-01
   530 1  +4.41127121e-01  +1.00000000e+00
   531 0  +5.01770093e-01  +9.58766425e-01
   532 0  +5.68380378e-01  +9.28093183e-01
   533 0  +6.41390894e-01  +9.21219881e-01
   534 0  +7.11798850e-01  +9.00713844e-01
   535 0  +7.68810254e-01  +8.54589257e-01
   536 0  +8.17118298e-01  +7.99415797e-01
   537 0  +8.64152018e-01  +7.43152070e-01
   538 0  +9.20445830e-01  +6.96154362e-01
   539 0  +9.84427835e-01  +6.60320289e-01
   540 1  +1.00000000e+00  +6.49674915e-01
   541 1  +1.00000000e+00  +5.49806185e-01
   542 0  +9.82027619e-01  +4.78709270e-01
   543 0  +9.44507632e-01  +4.15701109e-01
   544 0  +8.96437257e-01  +3.60320455e-01
   545 0  +8.38475561e-01  +3.15395857e-01
   546 0  +8.00373269e-01  +2.52738111e-01
   547 0  +7.44782596e-01  +2.04910767e-01
   548 0  +6.95066083e-01  +1.51003011e-01
   549 0  +6.57600817e-01  +8.79622970e-02
   550 0  +6.26734386e-01  +2.14413141e-02
   551 1  +6.21330135e-01  -1.76941795e-16
   552 1  +9.82656143e-01  +1.00000000e+00
   553 0  +9.28331390e-01  +9.50739479e-01
   554 0  +8.62866693e-01  +9.17691768e-01
   555 0  +7.94047278e-01  +8.92360643e-01
   556 0  +7.26661093e-01  +8.63431766e-01
   557 0  +6.58422253e-01  +8.36575882e-01
   558 0  +5.93000813e-01  +8.03442621e-01
   559 0  +5.20447282e-01  +7.92776649e-01
   560 0  +4.47766329e-01  +8.02536605e-01
   561 0  +3.74531808e-01  +7.98730989e-01
   562 0  +3.01468456e-01  +8.05017833e-01
   563 0  +2.28985517e-01  +7.93882241e-01
   564 0  +1.56120762e-01  +7.85605453e-01
   565 0  +8.40768369e-02  +7.99296713e-01
   566 0  +1.23434861e-02  +7.84061748e-01
   567 1  -3.81639165e-17  +7.84779052e-01
   568 1  +2.41548796e-01  +0.00000000e+00
   569 0  +2.88204581e-01  +5.65775171e-02
   570 0  +3.33248880e-01  +1.14446238e-01
   571 0  +3.71277418e-01  +1.77148775e-01
   572 0  +3.90886586e-01  +2.47811766e-01
   573 0  +4.34284724e-01  +3.06925042e-01
   574 0  +4.88914321e-01  +3.55847275e-01
   575 0  +5.47100015e-01  +4.00481374e-01
   576 0  +5.90304857e-01  +4.59736074e-01
   577 0  +6.15505754e-01  +5.28603284e-01
   578 0  +6.40817420e-01  +5.97429858e-01
   579 0  +6.74103888e-01  +6.62773479e-01
   580 0  +6.95253569e-01  +7.32990776e-01
   581 0  +7.35765606e-01  +7.94118124e-01
   582 0  +7.86831097e-01  +8.46749801e-01
   583 0  +8.48193734e-01  +8.86904557e-01
   584 0  +8.97372398e-01  +9.41303425e-01
   585 0  +9.59956661e-01  +9.79526295e-01
   586 1  +9.78127971e-01  +1.00000000e+00
   587 1  +1.00000000e+00  +2.62184292e-01
   588 0  +9.48931037e-01  +2.09555985e-01
   589 0  +8.90704665e-01  +1.64974963e-01
   590 0  +8.25191424e-01  +1.32023591e-01
   591 0  +7.53851624e-01  +1.15040931e-01
   592 0  +6.80781795e-01  +1.08829824e-01
   593 0  +6.09297054e-01  +1.25191656e-01
   594 0  +5.35981537e-01  +1.23575223e-01
   595 0  +4.63970622e-01  +1.09711390e-01
   596 0  +3.90637369e-01  +1.09603030e-01
   597 0  +3.17320457e-01  +1.11154879e-01
   598 0  +2.44761716e-01  +1.00524412e-01
   599 0  +1.72594293e-01  +1.13549038e-01
   600 0  +9.93175888e-02  +1.10667654e-01
   601 0  +2.67931063e-02  +1.21529386e-01
   602 1  +2.22044605e-16  +1.20125661e-01
   603 1  +9.00174755e-01  +0.00000000e+00
   604 0  +8.58188355e-01  +6.01242048e-02
   605 0  +8.06296630e-01  +1.11941447e-01
   606 0  +7.75087885e-01  +1.78302520e-01
   607 0  +7.63849087e-01  +2.50769528e-01
   608 0  +7.27811748e-01  +3.14637266e-01
   609 0  +6.93361891e-01  +3.79375085e-01
   610 0  +6.40943841e-01  +4.30659836e-01
   611 0  +5.78338727e-01  +4.68848545e-01
   612 0  +5.17875293e-01  +5.10344941e-01
   613 0  +4.46186624e-01  +5.25788794e-01
   614 0  +3.73354387e-01  +5.17230577e-01
   615 0  +3.00445906e-01  +5.25112910e-01
   616 0  +2.27889107e-01  +5.35756621e-01
   617 0  +1.54578196e-01  +5.37569963e-01
   618 0  +8.13519772e-02  +5.33607818e-01
   619 0  +1.17066303e-02  +5.10644729e-01
   620 1  +1.26634814e-16  +5.11025440e-01
   621 1  +1.00000000e+00  +9.42003344e-01
   622 0  +9.26732050e-01  +9.45099345e-01
   623 0  +8.53442295e-01  +9.47627129e-01
   624 0  +7.81068751e-01  +9.35801398e-01
   625 0  +7.15685777e-01  +9.02592297e-01
   626 0  +6.43600584e-01  +8.89119998e-01
   627 0  +5.70268007e-01  +8.89453012e-01
   628 0  +4.97756858e-01  +8.78502621e-01
   629 0  +4.26087468e-01  +8.94035693e-01
   630 0  +3.64153775e-01  +9.33303942e-01
   631 0  +2.94784948e-01  +9.57089307e-01
   632 0  +2.30839952e-01  +9.92989381e-01
   633 1  +2.16365787e-01  +1.00000000e+00
   634 1  +0.00000000e+00  +7.23218207e-01
   635 0  +7.19086278e-02  +7.37603165e-01
   636 0  +1.36440314e-01  +7.72437620e-01
   637 0  +1.85166810e-01  +8.27241875e-01
   638 0  +2.35238052e-01  +8.80820308e-01
   639 0  +2.96112981e-01  +9.21710660e-01
   640 0  +3.57328382e-01  +9.62089521e-01
   641 1  +4.18027366e-01  +1.00000000e+00
   642 1  +1.00000000e+00  +2.64465589e-01
   643 0  +9.27572056e-01  +2.52977741e-01
   644 0  +8.54555679e-01  +2.59788506e-01
   645 0  +7.88264247e-01  +2.91144907e-01
   646 0  +7.15122393e-01  +2.96440842e-01
   647 0  +6.41967492e-01  +3.01553399e-01
   648 0  +5.71266908e-01  +2.82080207e-01
   649 0  +5.08684225e-01  +2.43854750e-01
   650 0  +4.39079521e-01  +2.20768761e-01
   651 0  +3.71139222e-01  +1.93166340e-01
   652 0  +2.98056052e-01  +1.87114231e-01
   653 0  +2.25195110e-01  +1.78803947e-01
   654 0  +1.51943825e-01  +1.75335940e-01
   655 0  +8.02355961e-02  +1.90688715e-01
   656 0  +7.55556950e-03  +2.00455572e-01
   657 1  -4.99600361e-16  +2.01526578e-01
   658 1  +1.00000000e+00  +1.09527903e-01
   659 0  +9.66280124e-01  +1.74648927e-01
   660 0  +9.51894663e-01  +2.46557454e-01
   661 0  +9.63356987e-01  +3.18989442e-01
   662 0  +9.94715605e-01  +3.85279825e-01
   663 1  +1.00000000e+00  +3.91928313e-01
   664 1  +0.00000000e+00  +9.16314839e-01
   665 0  +3.24600532e-02  +8.50556777e-01
   666 0  +5.29915147e-02  +7.80156232e-01
   667 0  +7.55580089e-02  +7.10381371e-01
   668 0  +1.21946337e-01  +6.53584357e-01
   669 0  +1.81516782e-01  +6.10815913e-01
   670 0  +2.37028167e-01  +5.62896564e-01
   671 0  +2.92229073e-01  +5.14619886e-01
   672 0  +3.61680231e-01  +4.91076002e-01
   673 0  +4.22264155e-01  +4.49755718e-01
   674 0  +4.86487975e-01  +4.14356865e-01
   675 0  +5.46908831e-01  +3.72798498e-01
   676 0  +6.03977728e-01  +3.26745064e-01
   677 0  +6.68704236e-01  +2.92273960e-01
   678 0  +7.25288771e-01  +2.45626687e-01
   679 0  +7.76339630e-01  +1.92980817e-01
   680 0  +8.38900736e-01  +1.54720056e-01
   681 0  +8.87986915e-01  +1.00237721e-01
   682 0  +9.28505500e-01  +3.91147137e-02
   683 1  +9.48939943e-01  -2.08166817e-16
   684 1  +0.00000000e+00  +4.55802661e-01
   685 0  +6.23374031e-02  +4.94426824e-01
   686 0  +1.24119134e-01  +5.33933729e-01
   687 0  +1.95468503e-01  +5.50876140e-01
   688 0  +2.68730050e-01  +5.47632140e-01
   689 0  +3.41832455e-01  +5.41816983e-01
   690 0  +4.07268786e-01  +5.08713140e-01
   691 0  +4.77348122e-01  +4.87110723e-01
   692 0  +5.50406616e-01  +4.93453769e-01
   693 0  +6.21996143e-01  +4.77556677e-01
   694 0  +6.94136161e-01  +4.90732245e-01
   695 0  +7.57630179e-01  +5.27424035e-01
   696 0  +8.29823933e-01  +5.40301905e-01
   697 0  +8.96984263e-01  +5.69751318e-01
   698 0  +9.68705343e-01  +5.85043943e-01
   699 1  +1.00000000e+00  +5.79488959e-01
   700 1  +1.00000000e+00  +4.00552831e-01
   701 0  +9.30336451e-01  +4.23460641e-01
   702 0  +8.57745961e-01  +4.33872103e-01
   703 0  +7.84712352e-01  +4.40495528e-01
   704 0  +7.11676302e-01  +4.47091975e-01
   705 0  +6.39493610e-01  +4.60031710e-01
   706 0  +5.66258045e-01  +4.63817188e-01
   707 0  +4.97015868e-01  +4.87968765e-01
   708 0  +4.29029677e-01  +5.15457956e-01
   709 0  +3.58116521e-01  +5.34142227e-01
   710 0  +2.93714801e-01  +5.69216382e-01
   711 0  +2.48770443e-01  +6.27162758e-01
   712 0  +1.85480562e-01  +6.64205553e-01
   713 0  +1.31087701e-01  +7.13390860e-01
   714 0  +9.52877463e-02  +7.77391962e-01
   715 0  +6.94311125e-02  +8.46015662e-01
   716 0  +7.15906008e-02  +9.19317193e-01
   717 0  +9.10739095e-02  +9.90014990e-01
   718 1  +9.27239855e-02  +1.00000000e+00
   719 1  +0.00000000e+00  +7.50849890e-01
   720 0  +2.22142408e-02  +8.20737695e-01
   721 0  +1.86665742e-02  +8.93985165e-01
   722 0  +7.48542025e-03  +9.66461089e-01
   723 1  +0.00000000e+00  +9.83311724e-01
   724 1  +0.00000000e+00  +6.21273657e-01
   725 0  +6.18141976e-02  +6.60729744e-01
   726 0  +1.14866604e-01  +7.11357996e-01
   727 0  +1.72656274e-01  +7.56503669e-01
   728 0  +2.07986554e-01  +8.20765237e-01
   729 0  +2.34339141e-01  +8.89200016e-01
   730 0  +2.68073704e-01  +9.54313432e-01
   731 1  +3.18675140e-01  +1.00000000e+00
   732 1  +9.68102749e-01  +1.00000000e+00
   733 1  +1.00000000e+00  +9.37092130e-01
   734 1  +0.00000000e+00  +7.65957381e-01
   735 0  +7.15263688e-02  +7.82136266e-01
   736 0  +1.42596122e-01  +8.00215756e-01
   737 0  +2.00916554e-01  +8.44673657e-01
   738 0  +2.45772702e-01  +9.02688343e-01
   739 0  +2.94509120e-01  +9.57483775e-01
   740 0  +3.56374374e-01  +9.96859758e-01
   741 1  +3.64730973e-01  +1.00000000e+00
   742 1  +4.31319381e-01  +1.00000000e+00
   743 0  +3.70548859e-01  +9.58954642e-01
   744 0  +3.10717048e-01  +9.16552612e-01
   745 0  +2.43205086e-01  +8.87918492e-01
   746 0  +1.91182794e-01  +8.36232335e-01
   747 0  +1.49298113e-01  +7.76037225e-01
   748 0  +9.57835532e-02  +7.25897722e-01
   749 0  +6.40279369e-02  +6.59796598e-01
   750 0  +3.75526161e-02  +5.91409208e-01
   751 1  -1.11022302e-16  +5.29643009e-01
   752 1  +0.00000000e+00  +3.45596287e-01
   753 0  +1.92555908e-02  +2.74836128e-01
   754 0  +4.30300760e-02  +2.05463572e-01
   755 0  +7.61788804e-02  +1.40050006e-01
   756 0  +1.31027635e-01  +9.13736067e-02
   757 0  +1.82155564e-01  +3.88025813e-02
   758 1  +2.04456718e-01  -4.16333634e-17
   759 1  +0.00000000e+00  +2.84940335e-01
   760 0  +7.32783594e-02  +2.82101354e-01
   761 0  +1.45435297e-01  +2.95183945e-01
   762 0  +2.17525901e-01  +3.08627253e-01
   763 0  +2.89963240e-01  +3.20055717e-01
   764 0  +3.61743034e-01  +3.35070338e-01
   765 0  +4.33536098e-01  +3.20119290e-01
   766 0  +5.05890976e-01  +3.32058692e-01
   767 0  +5.67786052e-01  +3.71387782e-01
   768 0  +6.24709966e-01  +4.17620302e-01
   769 0  +6.84543186e-01  +4.60020343e-01
   770 0  +7.54573592e-01  +4.81780859e-01
   771 0  +8.27260569e-01  +4.91495859e-01
   772 0  +8.92030087e-01  +5.25886079e-01
   773 0  +9.64924637e-01  +5.33896218e-01
   774 1  +1.00000000e+00  +5.31141219e-01
   775 1  +1.00000000e+00  +6.48319425e-01
   776 0  +9.60315289e-01  +7.09987095e-01
   777 0  +9.24347028e-01  +7.73893761e-01
   778 0  +8.91256334e-01  +8.39336742e-01
   779 0  +8.78356939e-01  +9.11526654e-01
   780 0  +8.58640643e-01  +9.82159829e-01
   781 1  +8.56873209e-01  +1.00000000e+00
   782 1  +0.00000000e+00  +9.92472956e-01
   783 0  +2.97164914e-02  +9.25430374e-01
   784 0  +3.93800046e-02  +8.52736534e-01
   785 0  +7.68822004e-02  +7.89717782e-01
   786 0  +9.24093715e-02  +7.18047114e-01
   787 0  +1.27593635e-01  +6.53705483e-01
   788 0  +1.51325165e-01  +5.84318221e-01
   789 0  +1.92013373e-01  +5.23307996e-01
   790 0  +2.46106777e-01  +4.73793539e-01
   791 0  +2.87205794e-01  +4.13059294e-01
   792 0  +3.28942259e-01  +3.52761323e-01
   793 0  +3.45838355e-01  +2.81400972e-01
   794 0  +3.46046614e-01  +2.08067934e-01
   795 0  +3.21036850e-01  +1.39131082e-01
   796 0  +3.06087682e-01  +6.73376276e-02
   797 0  +2.71263677e-01  +2.80030153e-03
   798 1  +2.69978723e-01  -7.71951947e-17
   799 1  +1.63162984e-01  +0.00000000e+00
   800 0  +1.52952554e-01  +7.26190395e-02
   801 0  +1.32336892e-01  +1.42994975e-01
   802 0  +1.34605619e-01  +2.16293206e-01
   803 0  +1.47721384e-01  +2.88444120e-01
   804 0  +1.87111738e-01  +3.50300226e-01
   805 0  +2.03532646e-01  +4.21771420e-01
   806 0  +2.07481524e-01  +4.94998356e-01
   807 0  +2.14424320e-01  +5.68002297e-01
   808 0  +2.02755701e-01  +6.40401337e-01
   809 0  +1.78121869e-01  +7.09473416e-01
   810 0  +1.50635292e-01  +7.77460664e-01
   811 0  +1.01629996e-01  +8.32015763e-01
   812 0  +4.18236672e-02  +8.74453727e-01
   813 1  -2.08166817e-17  +9.04170301e-01
   814 1  +5.02636273e-01  +0.00000000e+00
   815 0  +5.23827087e-01  +7.02048941e-02
   816 0  +5.34938634e-01  +1.42691523e-01
   817 0  +5.50512523e-01  +2.14352054e-01
   818 0  +5.71057437e-01  +2.84748675e-01
   819 0  +5.62884947e-01  +3.57625202e-01
   820 0  +5.26411711e-01  +4.21245017e-01
   821 0  +4.75956913e-01  +4.74462412e-01
   822 0  +4.08770108e-01  +5.03851374e-01
   823 0  +3.51080879e-01  +5.49125324e-01
   824 0  +2.86201990e-01  +5.83308764e-01
   825 0  +2.19408093e-01  +6.13580089e-01
   826 0  +1.62165728e-01  +6.59417731e-01
   827 0  +9.84400586e-02  +6.95705702e-01
   828 0  +2.55470276e-02  +7.03729654e-01
   829 1  +8.32667268e-17  +7.08382082e-01
   830 1  +1.42235353e-01  +1.00000000e+00
   831 0  +9.46927349e-02  +9.44165627e-01
   832 0  +6.38255851e-02  +8.77644977e-01
   833 0  +8.64120402e-03  +8.29349409e-01
   834 1  -9.36750677e-17  +8.21854405e-01
   835 1  +0.00000000e+00  +9.96094188e-01
   836 0  +6.73489615e-02  +9.67078758e-01
   837 0  +1.39835343e-01  +9.55965598e-01
   838 0  +2.13034295e-01  +9.60403072e-01
   839 0  +2.81194758e-01  +9.87457258e-01
   840 0  +3.54222640e-01  +9.94143532e-01
   841 1  +3.79296165e-01  +1.00000000e+00
   842 1  +6.45879991e-01  +1.00000000e+00
   843 0  +6.59181257e-01  +9.27883053e-01
   844 0  +6.74465994e-01  +8.56160291e-01
   845 0  +6.86069933e-01  +7.83750855e-01
   846 0  +6.67340197e-01  +7.12849693e-01
   847 0  +6.62760906e-01  +6.39659476e-01
   848 0  +6.56199136e-01  +5.66620302e-01
   849 0  +6.72962959e-01  +4.95228762e-01
   850 0  +7.05834651e-01  +4.29675504e-01
   851 0  +7.57344887e-01  +3.77479015e-01
   852 0  +7.93541780e-01  +3.13701569e-01
   853 0  +8.15096771e-01  +2.43607631e-01
   854 0  +8.55570145e-01  +1.82454677e-01
   855 0  +9.08162507e-01  +1.31348696e-01
   856 0  +9.76795824e-01  +1.05517600e-01
   857 1  +1.00000000e+00  +9.58936655e-02
   858 1  +1.00000000e+00  +8.33721271e-01
   859 0  +9.33380986e-01  +8.64375549e-01
   860 0  +8.63782000e-01  +8.87478772e-01
   861 0  +7.93424643e-01  +9.08157748e-01
   862 0  +7.20202531e-01  +9.04120401e-01
   863 0  +6.50669068e-01  +9.27420085e-01
   864 0  +5.77807190e-01  +9.35722165e-01
   865 0  +5.05199030e-01  +9.46009674e-01
   866 0  +4.31866781e-01  +9.45610887e-01
   867 0  +3.58738180e-01  +9.40134989e-01
   868 0  +2.89194924e-01  +9.16864549e-01
   869 0  +2.29150909e-01  +8.74763551e-01
   870 0  +1.91095694e-01  +8.12077202e-01
   871 0  +1.50660301e-01  +7.50899128e-01
   872 0  +1.38240652e-01  +6.78625134e-01
   873 0  +1.36541195e-01  +6.05311496e-01
   874 0  +1.15959093e-01  +5.34925738e-01
   875 0  +6.97067276e-02  +4.78017949e-01
   876 0  +1.67198762e-02  +4.27321091e-01
   877 1  -3.88578059e-16  +4.20851281e-01
   878 1  +0.00000000e+00  +6.97508159e-01
   879 0  +5.38504817e-02  +6.47729616e-01
   880 0  +1.01446431e-01  +5.91940697e-01
   881 0  +1.24782811e-01  +5.22419541e-01
   882 0  +1.42516895e-01  +4.51262812e-01
   883 0  +1.45939788e-01  +3.78009406e-01
   884 0  +1.57890096e-01  +3.05656328e-01
   885 0  +1.42202382e-01  +2.34020628e-01
   886 0  +1.43332491e-01  +1.60696003e-01
   887 0  +1.62353210e-01  +8.98723489e-02
   888 0  +1.54887559e-01  +1.69200231e-02
   889 1  +1.56952407e-01  -4.16333634e-17
   890 1  +0.00000000e+00  +1.18716828e-01
   891 0  +7.08800448e-02  +1.37526321e-01
   892 0  +1.43386287e-01  +1.48509153e-01
   893 0  +2.16459725e-01  +1.42340644e-01
   894 0  +2.88454002e-01  +1.56290621e-01
   895 0  +3.58963106e-01  +1.76446116e-01
   896 0  +4.31937547e-01  +1.83692404e-01
   897 0  +5.05157520e-01  +1.87768362e-01
   898 0  +5.76057945e-01  +2.06500885e-01
   899 0  +6.48868642e-01  +1.97761305e-01
   900 0  +7.22086306e-01  +2.01878520e-01
   901 0  +7.93039798e-01  +1.83348012e-01
   902 0  +8.55935172e-01  +1.45639264e-01
   903 0  +9.09953871e-01  +9.60433167e-02
   904 0  +9.76265320e-01  +6.47292703e-02
   905 1  +1.00000000e+00  +4.10380175e-02
   906 1  +0.00000000e+00  +4.00889089e-01
   907 0  +6.74921410e-02  +3.72208282e-01
   908 0  +1.34887269e-01  +3.43300245e-01
   909 0  +2.04559198e-01  +3.20417939e-01
   910 0  +2.77552174e-01  +3.27475087e-01
   911 0  +3.50186676e-01  +3.17375240e-01
   912 0  +4.17250014e-01  +2.87705619e-01
   913 0  +4.74534833e-01  +2.41921044e-01
   914 0  +5.24425752e-01  +1.88174658e-01
   915 0  +5.49254871e-01  +1.19172537e-01
   916 0  +5.49774517e-01  +4.58410452e-02
   917 1  +5.50945616e-01  -1.45716772e-16
   918 1  +2.51049171e-01  +0.00000000e+00
   919 0  +1.77747362e-01  +2.15001131e-03
   920 0  +1.09736331e-01  +2.95776896e-02
   921 0  +4.12490577e-02  +5.57935457e-02
   922 1  +2.77555756e-16  +7.76435736e-02
   923 1  +3.32795400e-01  +0.00000000e+00
   924 0  +4.02695615e-01  +2.21751597e-02
   925 0  +4.75887796e-01  +2.67229636e-02
   926 0  +5.48336362e-01  +3.80800296e-02
   927 0  +6.17238925e-01  +6.31841058e-02
   928 0  +6.72994604e-01  +1.10818988e-01
   929 0  +7.27522700e-01  +1.59854328e-01
   930 0  +7.87985959e-01  +2.01350980e-01
   931 0  +8.57699425e-01  +2.24106426e-01
   932 0  +9.17229335e-01  +2.66931275e-01
   933 0  +9.66099320e-01  +3.21607616e-01
   934 1  +1.00000000e+00  +3.47462029e-01
   935 1  +1.00000000e+00  +7.62566125e-01
   936 0  +9.47595940e-01  +8.13865173e-01
   937 0  +8.84002845e-01  +8.50384976e-01
   938 0  +8.11431243e-01  +8.60927289e-01
   939 0  +7.38126068e-01  +8.58895250e-01
   940 0  +6.68047285e-01  +8.37291040e-01
   941 0  +5.94731210e-01  +8.38881929e-01
   942 0  +5.23572331e-01  +8.21156475e-01
   943 0  +4.50281308e-01  +8.18665741e-01
   944 0  +3.77096105e-01  +8.14007009e-01
   945 0  +3.03782570e-01  +8.15710961e-01
   946 0  +2.35541156e-01  +8.42560303e-01
   947 0  +1.77895198e-01  +8.87889336e-01
   948 0  +1.33922679e-01  +9.46576604e-01
   949 1  +1.06869166e-01  +1.00000000e+00
   950 1  +1.00000000e+00  +8.29501257e-01
   951 0  +9.94952520e-01  +7.56341837e-01
   952 1  +1.00000000e+00  +7.22517905e-01
   953 1  +4.31721257e-01  +0.00000000e+00
   954 0  +4.76173055e-01  +5.83250839e-02
   955 0  +5.26524518e-01  +1.11640260e-01
   956 0  +5.72393075e-01  +1.68857856e-01
   957 0  +5.93941997e-01  +2.38953660e-01
   958 0  +6.36708419e-01  +2.98525557e-01
   959 0  +6.87750843e-01  +3.51179605e-01
   960 0  +7.42546606e-01  +3.99915649e-01
   961 0  +8.06598605e-01  +4.35624462e-01
   962 0  +8.57094398e-01  +4.88802960e-01
   963 0  +9.24166824e-01  +5.18452031e-01
   964 0  +9.74913461e-01  +5.71391210e-01
   965 1  +1.00000000e+00  +5.92064081e-01
   966 1  +1.80205766e-01  +1.00000000e+00
   967 0  +2.51344061e-01  +9.82192116e-01
   968 0  +3.23850739e-01  +9.71212158e-01
   969 0  +3.97178496e-01  +9.72116493e-01
   970 0  +4.70501808e-01  +9.73328786e-01
   971 0  +5.40867069e-01  +9.93980853e-01
   972 1  +5.79546421e-01  +1.00000000e+00
   973 1  +4.35516010e-01  +0.00000000e+00
   974 0  +4.95138064e-01  +4.26964690e-02
   975 0  +5.44637589e-01  +9.68035368e-02
   976 0  +6.05812461e-01  +1.37243775e-01
   977 0  +6.58740746e-01  +1.88001773e-01
   978 0  +7.24278071e-01  +2.20905220e-01
   979 0  +7.88431852e-01  +2.56430847e-01
   980 0  +8.61331401e-01  +2.64395364e-01
   981 0  +9.31048542e-01  +2.87139551e-01
   982 1  +1.00000000e+00  +2.93325831e-01
   983 1  +6.50039453e-01  +0.00000000e+00
   984 0  +7.22838113e-01  +8.83928431e-03
   985 0  +7.86959610e-01  +4.44231485e-02
   986 0  +8.47821563e-01  +8.53328095e-02
   987 0  +9.16498129e-01  +1.11048702e-01
   988 0  +9.89775355e-01  +1.13916802e-01
   989 1  +1.00000000e+00  +1.18754153e-01
   990 1  +9.49353504e-01  +1.00000000e+00
   991 0  +8.96023582e-01  +9.49664156e-01
   992 0  +8.64216288e-01  +8.83587883e-01
   993 0  +8.23923223e-01  +8.22315975e-01
   994 0  +7.80197506e-01  +7.63444595e-01
   995 0  +7.41600476e-01  +7.01090389e-01
   996 0  +6.97280750e-01  +6.42664883e-01
   997 0  +6.39332038e-01  +5.97723538e-01
   998 0  +5.84850340e-01  +5.48636651e-01
   999 0  +5.34066826e-01  +4.95732848e-01
  1000 0  +4.90180866e-01  +4.36980824e-01
  1001 0  +4.32287143e-01  +3.91968663e-01
  1002 0  +3.82476958e-01  +3.38147447e-01
  1003 0  +3.58812952e-01  +2.68737127e-01
  1004 0  +3.39630802e-01  +1.97957024e-01
  1005 0  +3.04212642e-01  +1.33743850e-01
  1006 0  +2.91444518e-01  +6.15306051e-02
  1007 1  +2.66595125e-01  -6.24500451e-17
  1008 1  +1.00000000e+00  +8.94241679e-01
  1009 0  +9.31016868e-01  +9.19123505e-01
  1010 0  +8.59122150e-01  +9.33577822e-01
  1011 0  +7.87497459e-01  +9.17839924e-01
  1012 0  +7.15776639e-01  +9.02546079e-01
  1013 0  +6.44480403e-01  +8.85381446e-01
  1014 0  +5.74626067e-01  +8.63062185e-01
  1015 0  +5.04125976e-01  +8.42875183e-01
  1016 0  +4.30933695e-01  +8.47421354e-01
  1017 0  +3.59737081e-01  +8.64994629e-01
  1018 0  +2.99457678e-01  +9.06757906e-01
  1019 0  +2.42423620e-01  +9.52854479e-01
  1020 0  +1.77564332e-01  +9.87075094e-01
  1021 1  +1.10425237e-01  +1.00000000e+00
  1022 1  +4.51004648e-01  +0.00000000e+00
  1023 0  +5.17704515e-01  +3.04779522e-02
  1024 0  +5.88984321e-01  +4.77106845e-02
  1025 0  +6.61367886e-01  +5.94749180e-02
  1026 0  +7.34608679e-01  +5.57919856e-02
  1027 0  +8.05182847e-01  +3.58655056e-02
  1028 1  +8.68442829e-01  -2.01227923e-16
  1029 1  +8.66813074e-01  +0.00000000e+00
  1030 0  +9.33377626e-01  +3.07723608e-02
  1031 0  +9.93798987e-01  +7.23299937e-02
  1032 1  +1.00000000e+00  +7.36981073e-02
  1033 1  +0.00000000e+00  +5.41612634e-02
  1034 1  +1.67834449e-02  -6.93889390e-18
  1035 1  +1.00000000e+00  +9.54809391e-02
  1036 0  +9.29311984e-01  +7.59621738e-02
  1037 0  +8.56509378e-01  +6.71554533e-02
  1038 0  +7.84991981e-01  +8.33739496e-02
  1039 0  +7.11659219e-01  +8.30844193e-02
  1040 0  +6.38468583e-01  +8.76570109e-02
  1041 0  +5.65617929e-01  +9.60570118e-02
  1042 0  +4.92514250e-01  +9.02578840e-02
  1043 0  +4.19467128e-01  +9.67305760e-02
  1044 0  +3.54343227e-01  +1.30444896e-01
  1045 0  +2.81495540e-01  +1.38870584e-01
  1046 0  +2.08376161e-01  +1.44468282e-01
  1047 0  +1.35259627e-01  +1.50103010e-01
  1048 0  +6.38574869e-02  +1.66821628e-01
  1049 1  +2.08166817e-16  +1.60423233e-01
  1050 1  +0.00000000e+00  +7.58403706e-01
  1051 0  +1.83024163e-02  +8.29416376e-01
  1052 0  +5.92084243e-02  +8.90280785e-01
  1053 0  +1.04272970e-01  +9.48133740e-01
  1054 0  +1.65203679e-01  +9.88940928e-01
  1055 1  +1.79737876e-01  +1.00000000e+00
  1056 1  +0.00000000e+00  +8.03023479e-01
  1057 0  +1.16340113e-02  +7.30618869e-01
  1058 1  -5.03069808e-17  +6.79989425e-01
  1059 1  +1.00000000e+00  +1.70525737e-01
  1060 0  +9.99689753e-01  +9.71930604e-02
  1061 0  +9.95650505e-01  +2.39710538e-02
  1062 1  +9.90649939e-01  -2.81025203e-16
  1063 1  +1.46143526e-01  +0.00000000e+00
  1064 0  +2.19464568e-01  +1.34263340e-03
  1065 0  +2.89627341e-01  +2.26724974e-02
  1066 0  +3.59313296e-01  +4.55120547e-02
  1067 0  +4.32185562e-01  +5.37224549e-02
  1068 0  +5.01688506e-01  +7.71130187e-02
  1069 0  +5.74622047e-01  +8.47600091e-02
  1070 0  +6.47948539e-01  +8.37583291e-02
  1071 0  +7.14768323e-01  +5.35441894e-02
  1072 0  +7.87628266e-01  +4.52251499e-02
  1073 0  +8.59332913e-01  +6.05946458e-02
  1074 0  +9.21665987e-01  +9.92257950e-02
  1075 0  +9.87704438e-01  +1.31111540e-01
  1076 1  +1.00000000e+00  +1.42753719e-01
  1077 1  +1.35789236e-01  +0.00000000e+00
  1078 0  +8.33164086e-02  +5.12287042e-02
  1079 0  +2.02246594e-02  +8.86079626e-02
  1080 1  +4.85722573e-17  +1.09621274e-01
  1081 1  +0.00000000e+00  +6.92498388e-01
  1082 0  +6.88531889e-02  +7.17737567e-01
  1083 0  +1.40411075e-01  +7.33776478e-01
  1084 0  +2.08754927e-01  +7.60363988e-01
  1085 0  +2.65727893e-01  +8.06536046e-01
  1086 0  +3.32753777e-01  +8.36290182e-01
  1087 0  +3.98851950e-01  +8.68051942e-01
  1088 0  +4.68257057e-01  +8.91731234e-01
  1089 0  +5.32210288e-01  +9.27616634e-01
  1090 0  +5.93907855e-01  +9.67254848e-01
  1091 1  +6.48171762e-01  +1.00000000e+00
  1092 1  +4.67670398e-01  +0.00000000e+00
  1093 0  +5.03991129e-01  +6.37070035e-02
  1094 0  +5.42390478e-01  +1.26183141e-01
  1095 0  +5.75564758e-01  +1.91583790e-01
  1096 0  +6.15237439e-01  +2.53259200e-01
  1097 0  +6.53628690e-01  +3.15740314e-01
  1098 0  +6.87738256e-01  +3.80658072e-01
  1099 0  +7.42335919e-01  +4.29615941e-01
  1100 0  +7.92661386e-01  +4.82955656e-01
  1101 0  +8.52198476e-01  +5.25770521e-01
  1102 0  +9.22370991e-01  +5.47068314e-01
  1103 0  +9.95073062e-01  +5.56669700e-01
  1104 1  +1.00000000e+00  +5.57965610e-01
  1105 1  +0.00000000e+00  +9.87985240e-01
  1106 1  +6.85203662e-03  +1.00000000e+00
*Segmentos 
1007
     0     0     1
     1     1     2
     2     2     3
     3     3     4
     4     4     5
     5     6     7
     6     7     8
     7     8     9
     8     9    10
     9    10    11
    10    11    12
    11    12    13
    12    13    14
    13    14    15
    14    15    16
    15    16    17
    16    17    18
    17    18    19
    18    19    20
    19    20    21
    20    22    23
    21    23    24
    22    24    25
    23    25    26
    24    26    27
    25    27    28
    26    28    29
    27    29    30
    28    30    31
    29    31    32
    30    32    33
    31    33    34
    32    34    35
    33    35    36
    34    36    37
    35    38    39
    36    39    40
    37    40    41
    38    41    42
    39    42    43
    40    43    44
    41    44    45
    42    45    46
    43    46    47
    44    47    48
    45    48    49
    46    50    51
    47    51    52
    48    52    53
    49    53    54
    50    54    55
    51    55    56
    52    56    57
    53    57    58
    54    58    59
    55    59    60
    56    60    61
    57    61    62
    58    62    63
    59    63    64
    60    64    65
    61    66    67
    62    67    68
    63    68    69
    64    69    70
    65    70    71
    66    72    73
    67    73    74
    68    74    75
    69    75    76
    70    76    77
    71    77    78
    72    78    79
    73    80    81
    74    81    82
    75    82    83
    76    84    85
    77    85    86
    78    86    87
    79    87    88
    80    88    89
    81    89    90
    82    90    91
    83    91    92
    84    92    93
    85    93    94
    86    94    95
    87    95    96
    88    96    97
    89    97    98
    90    99   100
    91   100   101
    92   101   102
    93   102   103
    94   103   104
    95   104   105
    96   105   106
    97   106   107
    98   107   108
    99   109   110
   100   110   111
   101   111   112
   102   112   113
   103   113   114
   104   114   115
   105   115   116
   106   116   117
   107   117   118
   108   118   119
   109   119   120
   110   120   121
   111   121   122
   112   122   123
   113   123   124
   114   124   125
   115   126   127
   116   127   128
   117   128   129
   118   129   130
   119   130   131
   120   131   132
   121   132   133
   122   133   134
   123   134   135
   124   135   136
   125   137   138
   126   138   139
   127   139   140
   128   140   141
   129   141   142
   130   142   143
   131   143   144
   132   144   145
   133   146   147
   134   147   148
   135   149   150
   136   150   151
   137   151   152
   138   152   153
   139   153   154
   140   155   156
   141   156   157
   142   157   158
   143   158   159
   144   159   160
   145   160   161
   146   161   162
   147   162   163
   148   163   164
   149   164   165
   150   165   166
   151   166   167
   152   167   168
   153   168   169
   154   169   170
   155   170   171
   156   171   172
   157   172   173
   158   173   174
   159   174   175
   160   176   177
   161   177   178
   162   179   180
   163   180   181
   164   181   182
   165   182   183
   166   183   184
   167   184   185
   168   185   186
   169   186   187
   170   187   188
   171   188   189
   172   189   190
   173   190   191
   174   191   192
   175   192   193
   176   193   194
   177   195   196
   178   196   197
   179   197   198
   180   198   199
   181   199   200
   182   200   201
   183   201   202
   184   202   203
   185   203   204
   186   204   205
   187   205   206
   188   206   207
   189   207   208
   190   208   209
   191   209   210
   192   210   211
   193   211   212
   194   213   214
   195   214   215
   196   215   216
   197   216   217
   198   217   218
   199   218   219
   200   219   220
   201   221   222
   202   222   223
   203   223   224
   204   224   225
   205   225   226
   206   226   227
   207   227   228
   208   228   229
   209   229   230
   210   230   231
   211   231   232
   212   232   233
   213   233   234
   214   234   235
   215   235   236
   216   237   238
   217   238   239
   218   239   240
   219   241   242
   220   242   243
   221   243   244
   222   244   245
   223   245   246
   224   246   247
   225   247   248
   226   248   249
   227   249   250
   228   250   251
   229   251   252
   230   252   253
   231   253   254
   232   254   255
   233   255   256
   234   256   257
   235   257   258
   236   259   260
   237   260   261
   238   261   262
   239   262   263
   240   263   264
   241   264   265
   242   265   266
   243   266   267
   244   267   268
   245   268   269
   246   269   270
   247   270   271
   248   271   272
   249   272   273
   250   273   274
   251   274   275
   252   275   276
   253   276   277
   254   277   278
   255   278   279
   256   280   281
   257   281   282
   258   282   283
   259   283   284
   260   284   285
   261   285   286
   262   286   287
   263   287   288
   264   288   289
   265   289   290
   266   290   291
   267   291   292
   268   292   293
   269   293   294
   270   294   295
   271   295   296
   272   296   297
   273   297   298
   274   298   299
   275   299   300
   276   301   302
   277   302   303
   278   303   304
   279   304   305
   280   305   306
   281   306   307
   282   307   308
   283   309   310
   284   310   311
   285   311   312
   286   312   313
   287   313   314
   288   314   315
   289   315   316
   290   316   317
   291   317   318
   292   318   319
   293   319   320
   294   320   321
   295   321   322
   296   322   323
   297   323   324
   298   324   325
   299   326   327
   300   327   328
   301   328   329
   302   329   330
   303   330   331
   304   331   332
   305   332   333
   306   334   335
   307   335   336
   308   336   337
   309   337   338
   310   338   339
   311   339   340
   312   340   341
   313   341   342
   314   342   343
   315   344   345
   316   346   347
   317   347   348
   318   348   349
   319   349   350
   320   350   351
   321   351   352
   322   352   353
   323   353   354
   324   354   355
   325   355   356
   326   356   357
   327   357   358
   328   358   359
   329   359   360
   330   360   361
   331   361   362
   332   363   364
   333   365   366
   334   366   367
   335   367   368
   336   368   369
   337   369   370
   338   370   371
   339   371   372
   340   372   373
   341   374   375
   342   375   376
   343   376   377
   344   377   378
   345   378   379
   346   379   380
   347   380   381
   348   381   382
   349   382   383
   350   383   384
   351   384   385
   352   385   386
   353   386   387
   354   387   388
   355   388   389
   356   389   390
   357   390   391
   358   392   393
   359   393   394
   360   394   395
   361   395   396
   362   396   397
   363   397   398
   364   398   399
   365   399   400
   366   400   401
   367   402   403
   368   403   404
   369   404   405
   370   405   406
   371   406   407
   372   407   408
   373   408   409
   374   409   410
   375   410   411
   376   411   412
   377   412   413
   378   413   414
   379   414   415
   380   415   416
   381   416   417
   382   418   419
   383   419   420
   384   420   421
   385   421   422
   386   422   423
   387   423   424
   388   424   425
   389   425   426
   390   426   427
   391   427   428
   392   429   430
   393   430   431
   394   431   432
   395   432   433
   396   433   434
   397   434   435
   398   435   436
   399   436   437
   400   437   438
   401   439   440
   402   440   441
   403   441   442
   404   442   443
   405   443   444
   406   444   445
   407   446   447
   408   447   448
   409   448   449
   410   449   450
   411   450   451
   412   451   452
   413   452   453
   414   453   454
   415   454   455
   416   455   456
   417   456   457
   418   457   458
   419   458   459
   420   459   460
   421   460   461
   422   461   462
   423   463   464
   424   465   466
   425   466   467
   426   468   469
   427   469   470
   428   470   471
   429   471   472
   430   472   473
   431   473   474
   432   474   475
   433   475   476
   434   476   477
   435   477   478
   436   478   479
   437   480   481
   438   481   482
   439   482   483
   440   483   484
   441   484   485
   442   485   486
   443   486   487
   444   487   488
   445   488   489
   446   489   490
   447   490   491
   448   491   492
   449   492   493
   450   493   494
   451   494   495
   452   495   496
   453   497   498
   454   498   499
   455   499   500
   456   500   501
   457   501   502
   458   502   503
   459   503   504
   460   504   505
   461   506   507
   462   507   508
   463   508   509
   464   509   510
   465   510   511
   466   512   513
   467   513   514
   468   514   515
   469   515   516
   470   516   517
   471   517   518
   472   518   519
   473   519   520
   474   520   521
   475   521   522
   476   522   523
   477   523   524
   478   524   525
   479   525   526
   480   526   527
   481   527   528
   482   528   529
   483   530   531
   484   531   532
   485   532   533
   486   533   534
   487   534   535
   488   535   536
   489   536   537
   490   537   538
   491   538   539
   492   539   540
   493   541   542
   494   542   543
   495   543   544
   496   544   545
   497   545   546
   498   546   547
   499   547   548
   500   548   549
   501   549   550
   502   550   551
   503   552   553
   504   553   554
   505   554   555
   506   555   556
   507   556   557
   508   557   558
   509   558   559
   510   559   560
   511   560   561
   512   561   562
   513   562   563
   514   563   564
   515   564   565
   516   565   566
   517   566   567
   518   568   569
   519   569   570
   520   570   571
   521   571   572
   522   572   573
   523   573   574
   524   574   575
   525   575   576
   526   576   577
   527   577   578
   528   578   579
   529   579   580
   530   580   581
   531   581   582
   532   582   583
   533   583   584
   534   584   585
   535   585   586
   536   587   588
   537   588   589
   538   589   590
   539   590   591
   540   591   592
   541   592   593
   542   593   594
   543   594   595
   544   595   596
   545   596   597
   546   597   598
   547   598   599
   548   599   600
   549   600   601
   550   601   602
   551   603   604
   552   604   605
   553   605   606
   554   606   607
   555   607   608
   556   608   609
   557   609   610
   558   610   611
   559   611   612
   560   612   613
   561   613   614
   562   614   615
   563   615   616
   564   616   617
   565   617   618
   566   618   619
   567   619   620
   568   621   622
   569   622   623
   570   623   624
   571   624   625
   572   625   626
   573   626   627
   574   627   628
   575   628   629
   576   629   630
   577   630   631
   578   631   632
   579   632   633
   580   634   635
   581   635   636
   582   636   637
   583   637   638
   584   638   639
   585   639   640
   586   640   641
   587   642   643
   588   643   644
   589   644   645
   590   645   646
   591   646   647
   592   647   648
   593   648   649
   594   649   650
   595   650   651
   596   651   652
   597   652   653
   598   653   654
   599   654   655
   600   655   656
   601   656   657
   602   658   659
   603   659   660
   604   660   661
   605   661   662
   606   662   663
   607   664   665
   608   665   666
   609   666   667
   610   667   668
   611   668   669
   612   669   670
   613   670   671
   614   671   672
   615   672   673
   616   673   674
   617   674   675
   618   675   676
   619   676   677
   620   677   678
   621   678   679
   622   679   680
   623   680   681
   624   681   682
   625   682   683
   626   684   685
   627   685   686
   628   686   687
   629   687   688
   630   688   689
   631   689   690
   632   690   691
   633   691   692
   634   692   693
   635   693   694
   636   694   695
   637   695   696
   638   696   697
   639   697   698
   640   698   699
   641   700   701
   642   701   702
   643   702   703
   644   703   704
   645   704   705
   646   705   706
   647   706   707
   648   707   708
   649   708   709
   650   709   710
   651   710   711
   652   711   712
   653   712   713
   654   713   714
   655   714   715
   656   715   716
   657   716   717
   658   717   718
   659   719   720
   660   720   721
   661   721   722
   662   722   723
   663   724   725
   664   725   726
   665   726   727
   666   727   728
   667   728   729
   668   729   730
   669   730   731
   670   732   733
   671   734   735
   672   735   736
   673   736   737
   674   737   738
   675   738   739
   676   739   740
   677   740   741
   678   742   743
   679   743   744
   680   744   745
   681   745   746
   682   746   747
   683   747   748
   684   748   749
   685   749   750
   686   750   751
   687   752   753
   688   753   754
   689   754   755
   690   755   756
   691   756   757
   692   757   758
   693   759   760
   694   760   761
   695   761   762
   696   762   763
   697   763   764
   698   764   765
   699   765   766
   700   766   767
   701   767   768
   702   768   769
   703   769   770
   704   770   771
   705   771   772
   706   772   773
   707   773   774
   708   775   776
   709   776   777
   710   777   778
   711   778   779
   712   779   780
   713   780   781
   714   782   783
   715   783   784
   716   784   785
   717   785   786
   718   786   787
   719   787   788
   720   788   789
   721   789   790
   722   790   791
   723   791   792
   724   792   793
   725   793   794
   726   794   795
   727   795   796
   728   796   797
   729   797   798
   730   799   800
   731   800   801
   732   801   802
   733   802   803
   734   803   804
   735   804   805
   736   805   806
   737   806   807
   738   807   808
   739   808   809
   740   809   810
   741   810   811
   742   811   812
   743   812   813
   744   814   815
   745   815   816
   746   816   817
   747   817   818
   748   818   819
   749   819   820
   750   820   821
   751   821   822
   752   822   823
   753   823   824
   754   824   825
   755   825   826
   756   826   827
   757   827   828
   758   828   829
   759   830   831
   760   831   832
   761   832   833
   762   833   834
   763   835   836
   764   836   837
   765   837   838
   766   838   839
   767   839   840
   768   840   841
   769   842   843
   770   843   844
   771   844   845
   772   845   846
   773   846   847
   774   847   848
   775   848   849
   776   849   850
   777   850   851
   778   851   852
   779   852   853
   780   853   854
   781   854   855
   782   855   856
   783   856   857
   784   858   859
   785   859   860
   786   860   861
   787   861   862
   788   862   863
   789   863   864
   790   864   865
   791   865   866
   792   866   867
   793   867   868
   794   868   869
   795   869   870
   796   870   871
   797   871   872
   798   872   873
   799   873   874
   800   874   875
   801   875   876
   802   876   877
   803   878   879
   804   879   880
   805   880   881
   806   881   882
   807   882   883
   808   883   884
   809   884   885
   810   885   886
   811   886   887
   812   887   888
   813   888   889
   814   890   891
   815   891   892
   816   892   893
   817   893   894
   818   894   895
   819   895   896
   820   896   897
   821   897   898
   822   898   899
   823   899   900
   824   900   901
   825   901   902
   826   902   903
   827   903   904
   828   904   905
   829   906   907
   830   907   908
   831   908   909
   832   909   910
   833   910   911
   834   911   912
   835   912   913
   836   913   914
   837   914   915
   838   915   916
   839   916   917
   840   918   919
   841   919   920
   842   920   921
   843   921   922
   844   923   924
   845   924   925
   846   925   926
   847   926   927
   848   927   928
   849   928   929
   850   929   930
   851   930   931
   852   931   932
   853   932   933
   854   933   934
   855   935   936
   856   936   937
   857   937   938
   858   938   939
   859   939   940
   860   940   941
   861   941   942
   862   942   943
   863   943   944
   864   944   945
   865   945   946
   866   946   947
   867   947   948
   868   948   949
   869   950   951
   870   951   952
   871   953   954
   872   954   955
   873   955   956
   874   956   957
   875   957   958
   876   958   959
   877   959   960
   878   960   961
   879   961   962
   880   962   963
   881   963   964
   882   964   965
   883   966   967
   884   967   968
   885   968   969
   886   969   970
   887   970   971
   888   971   972
   889   973   974
   890   974   975
   891   975   976
   892   976   977
   893   977   978
   894   978   979
   895   979   980
   896   980   981
   897   981   982
   898   983   984
   899   984   985
   900   985   986
   901   986   987
   902   987   988
   903   988   989
   904   990   991
   905   991   992
   906   992   993
   907   993   994
   908   994   995
   909   995   996
   910   996   997
   911   997   998
   912   998   999
   913   999  1000
   914  1000  1001
   915  1001  1002
   916  1002  1003
   917  1003  1004
   918  1004  1005
   919  1005  1006
   920  1006  1007
   921  1008  1009
   922  1009  1010
   923  1010  1011
   924  1011  1012
   925  1012  1013
   926  1013  1014
   927  1014  1015
   928  1015  1016
   929  1016  1017
   930  1017  1018
   931  1018  1019
   932  1019  1020
   933  1020  1021
   934  1022  1023
   935  1023  1024
   936  1024  1025
   937  1025  1026
   938  1026  1027
   939  1027  1028
   940  1029  1030
   941  1030  1031
   942  1031  1032
   943  1033  1034
   944  1035  1036
   945  1036  1037
   946  1037  1038
   947  1038  1039
   948  1039  1040
   949  1040  1041
   950  1041  1042
   951  1042  1043
   952  1043  1044
   953  1044  1045
   954  1045  1046
   955  1046  1047
   956  1047  1048
   957  1048  1049
   958  1050  1051
   959  1051  1052
   960  1052  1053
   961  1053  1054
   962  1054  1055
   963  1056  1057
   964  1057  1058
   965  1059  1060
   966  1060  1061
   967  1061  1062
   968  1063  1064
   969  1064  1065
   970  1065  1066
   971  1066  1067
   972  1067  1068
   973  1068  1069
   974  1069  1070
   975  1070  1071
   976  1071  1072
   977  1072  1073
   978  1073  1074
   979  1074  1075
   980  1075  1076
   981  1077  1078
   982  1078  1079
   983  1079  1080
   984  1081  1082
   985  1082  1083
   986  1083  1084
   987  1084  1085
   988  1085  1086
   989  1086  1087
   990  1087  1088
   991  1088  1089
   992  1089  1090
   993  1090  1091
   994  1092  1093
   995  1093  1094
   996  1094  1095
   997  1095  1096
   998  1096  1097
   999  1097  1098
  1000  1098  1099
  1001  1099  1100
  1002  1100  1101
  1003  1101  1102
  1004  1102  1103
  1005  1103  1104
  1006  1105  1106
*Fibras 
100
     0     0     1     2     3     4
     1     5     6     7     8     9    10    11    12    13    14    15    16    17    18    19
     2    20    21    22    23    24    25    26    27    28    29    30    31    32    33    34
     3    35    36    37    38    39    40    41    42    43    44    45
     4    46    47    48    49    50    51    52    53    54    55    56    57    58    59    60
     5    61    62    63    64    65
     6    66    67    68    69    70    71    72
     7    73    74    75
     8    76    77    78    79    80    81    82    83    84    85    86    87    88    89
     9    90    91    92    93    94    95    96    97    98
    10    99   100   101   102   103   104   105   106   107   108   109   110   111   112   113   114
    11   115   116   117   118   119   120   121   122   123   124
    12   125   126   127   128   129   130   131   132
    13   133   134
    14   135   136   137   138   139
    15   140   141   142   143   144   145   146   147   148   149   150   151   152   153   154   155   156   157   158   159
    16   160   161
    17   162   163   164   165   166   167   168   169   170   171   172   173   174   175   176
    18   177   178   179   180   181   182   183   184   185   186   187   188   189   190   191   192   193
    19   194   195   196   197   198   199   200
    20   201   202   203   204   205   206   207   208   209   210   211   212   213   214   215
    21   216   217   218
    22   219   220   221   222   223   224   225   226   227   228   229   230   231   232   233   234   235
    23   236   237   238   239   240   241   242   243   244   245   246   247   248   249   250   251   252   253   254   255
    24   256   257   258   259   260   261   262   263   264   265   266   267   268   269   270   271   272   273   274   275
    25   276   277   278   279   280   281   282
    26   283   284   285   286   287   288   289   290   291   292   293   294   295   296   297   298
    27   299   300   301   302   303   304   305
    28   306   307   308   309   310   311   312   313   314
    29   315
    30   316   317   318   319   320   321   322   323   324   325   326   327   328   329   330   331
    31   332
    32   333   334   335   336   337   338   339   340
    33   341   342   343   344   345   346   347   348   349   350   351   352   353   354   355   356   357
    34   358   359   360   361   362   363   364   365   366
    35   367   368   369   370   371   372   373   374   375   376   377   378   379   380   381
    36   382   383   384   385   386   387   388   389   390   391
    37   392   393   394   395   396   397   398   399   400
    38   401   402   403   404   405   406
    39   407   408   409   410   411   412   413   414   415   416   417   418   419   420   421   422
    40   423
    41   424   425
    42   426   427   428   429   430   431   432   433   434   435   436
    43   437   438   439   440   441   442   443   444   445   446   447   448   449   450   451   452
    44   453   454   455   456   457   458   459   460
    45   461   462   463   464   465
    46   466   467   468   469   470   471   472   473   474   475   476   477   478   479   480   481   482
    47   483   484   485   486   487   488   489   490   491   492
    48   493   494   495   496   497   498   499   500   501   502
    49   503   504   505   506   507   508   509   510   511   512   513   514   515   516   517
    50   518   519   520   521   522   523   524   525   526   527   528   529   530   531   532   533   534   535
    51   536   537   538   539   540   541   542   543   544   545   546   547   548   549   550
    52   551   552   553   554   555   556   557   558   559   560   561   562   563   564   565   566   567
    53   568   569   570   571   572   573   574   575   576   577   578   579
    54   580   581   582   583   584   585   586
    55   587   588   589   590   591   592   593   594   595   596   597   598   599   600   601
    56   602   603   604   605   606
    57   607   608   609   610   611   612   613   614   615   616   617   618   619   620   621   622   623   624   625
    58   626   627   628   629   630   631   632   633   634   635   636   637   638   639   640
    59   641   642   643   644   645   646   647   648   649   650   651   652   653   654   655   656   657   658
    60   659   660   661   662
    61   663   664   665   666   667   668   669
    62   670
    63   671   672   673   674   675   676   677
    64   678   679   680   681   682   683   684   685   686
    65   687   688   689   690   691   692
    66   693   694   695   696   697   698   699   700   701   702   703   704   705   706   707
    67   708   709   710   711   712   713
    68   714   715   716   717   718   719   720   721   722   723   724   725   726   727   728   729
    69   730   731   732   733   734   735   736   737   738   739   740   741   742   743
    70   744   745   746   747   748   749   750   751   752   753   754   755   756   757   758
    71   759   760   761   762
    72   763   764   765   766   767   768
    73   769   770   771   772   773   774   775   776   777   778   779   780   781   782   783
    74   784   785   786   787   788   789   790   791   792   793   794   795   796   797   798   799   800   801   802
    75   803   804   805   806   807   808   809   810   811   812   813
    76   814   815   816   817   818   819   820   821   822   823   824   825   826   827   828
    77   829   830   831   832   833   834   835   836   837   838   839
    78   840   841   842   843
    79   844   845   846   847   848   849   850   851   852   853   854
    80   855   856   857   858   859   860   861   862   863   864   865   866   867   868
    81   869   870
    82   871   872   873   874   875   876   877   878   879   880   881   882
    83   883   884   885   886   887   888
    84   889   890   891   892   893   894   895   896   897
    85   898   899   900   901   902   903
    86   904   905   906   907   908   909   910   911   912   913   914   915   916   917   918   919   920
    87   921   922   923   924   925   926   927   928   929   930   931   932   933
    88   934   935   936   937   938   939
    89   940   941   942
    90   943
    91   944   945   946   947   948   949   950   951   952   953   954   955   956   957
    92   958   959   960   961   962
    93   963   964
    94   965   966   967
    95   968   969   970   971   972   973   974   975   976   977   978   979   980
    96   981   982   983
    97   984   985   986   987   988   989   990   991   992   993
    98   994   995   996   997   998   999  1000  1001  1002  1003  1004  1005
    99  1006
