*Coordenadas 
200
     0 1  +6.21255247e-01  +0.00000000e+00
     1 1  +2.54386135e-01  -4.68375339e-17
     2 1  +1.00000000e+00  +1.26301473e-01
     3 1  +8.90256837e-01  -2.63677968e-16
     4 1  +8.82012003e-01  +1.00000000e+00
     5 1  -1.42681006e-16  +7.72361314e-01
     6 1  +2.58193190e-01  +0.00000000e+00
     7 1  +1.21430643e-16  +5.79650165e-01
     8 1  +5.05401097e-01  +0.00000000e+00
     9 1  +6.68385453e-01  -1.50920942e-16
    10 1  +1.00000000e+00  +8.48015449e-01
    11 1  +1.00000000e+00  +9.88260279e-01
    12 1  +5.15811831e-01  +0.00000000e+00
    13 1  -8.15320034e-17  +4.44923731e-01
    14 1  +0.00000000e+00  +5.10894837e-01
    15 1  +3.21018935e-01  +1.00000000e+00
    16 1  +3.64332090e-01  +0.00000000e+00
    17 1  -9.36750677e-17  +5.67144074e-01
    18 1  +0.00000000e+00  +1.51251929e-01
    19 1  +3.91629299e-02  -1.04083409e-17
    20 1  +1.00000000e+00  +5.16526670e-01
    21 1  +5.77450878e-01  -1.38777878e-16
    22 1  +1.00000000e+00  +5.56218335e-01
    23 1  +1.00000000e+00  +6.31945122e-01
    24 1  +0.00000000e+00  +1.31997730e-01
    25 1  +1.45340087e-01  -3.98986399e-17
    26 1  +1.00000000e+00  +1.39699639e-01
    27 1  +8.84867614e-01  -2.53269627e-16
    28 1  +1.45031225e-01  +0.00000000e+00
    29 1  -1.63064007e-16  +2.24875730e-01
    30 1  +0.00000000e+00  +6.93112849e-01
    31 1  +2.79986265e-01  -6.93889390e-17
    32 1  +7.42432502e-02  +1.00000000e+00
    33 1  +2.47787536e-01  +1.00000000e+00
    34 1  +0.00000000e+00  +5.68184033e-01
    35 1  +5.07055303e-01  +1.00000000e+00
    36 1  +2.55541500e-01  +1.00000000e+00
    37 1  +1.00000000e+00  +3.92752289e-01
    38 1  +0.00000000e+00  +9.23559938e-02
    39 1  +1.00000000e+00  +5.78684436e-01
    40 1  +5.10504695e-01  +0.00000000e+00
    41 1  -9.02056208e-17  +1.85438273e-01
    42 1  +3.57768879e-01  +0.00000000e+00
    43 1  +3.94584163e-01  -1.07986536e-16
    44 1  +0.00000000e+00  +5.45133496e-01
    45 1  -1.50920942e-16  +3.48861333e-01
    46 1  +9.64344587e-01  +1.00000000e+00
    47 1  +1.00000000e+00  +9.04280550e-01
    48 1  +1.00000000e+00  +9.33621942e-01
    49 1  +6.05797057e-01  +1.00000000e+00
    50 1  +0.00000000e+00  +4.42296881e-01
    51 1  -2.03830008e-17  +8.86428384e-01
    52 1  +7.02645212e-01  +0.00000000e+00
    53 1  +1.00000000e+00  +3.79389955e-01
    54 1  +6.79172747e-01  +0.00000000e+00
    55 1  +1.00000000e+00  +4.34326203e-01
    56 1  +8.74828433e-01  +0.00000000e+00
    57 1  +1.00000000e+00  +3.44072701e-01
    58 1  +6.41577721e-01  +0.00000000e+00
    59 1  +3.83839281e-01  +1.00000000e+00
    60 1  +1.00000000e+00  +5.99971054e-01
    61 1  +1.65158233e-01  -2.16298333e-17
    62 1  +5.36307236e-01  +0.00000000e+00
    63 1  +7.97972799e-17  +6.13311256e-01
    64 1  +6.41463232e-01  +1.00000000e+00
    65 1  -5.42101086e-17  +6.36179631e-01
    66 1  +9.30349925e-01  +0.00000000e+00
    67 1  +6.05876507e-01  -1.47451495e-16
    68 1  +1.60332230e-01  +0.00000000e+00
    69 1  +4.80099830e-01  -9.71445147e-17
    70 1  +0.00000000e+00  +6.89733186e-01
    71 1  -2.60208521e-17  +9.11947340e-01
    72 1  +1.00000000e+00  +4.13922878e-01
    73 1  +6.99027933e-01  -2.49800181e-16
    74 1  +0.00000000e+00  +4.66973086e-01
    75 1  +1.17961196e-16  +5.82328815e-01
    76 1  +2.72845977e-01  +1.00000000e+00
    77 1  +1.54930643e-01  +1.00000000e+00
    78 1  +3.42848756e-01  +1.00000000e+00
    79 1  -1.76941795e-16  +2.10077788e-01
    80 1  +9.21728733e-01  +0.00000000e+00
    81 1  +1.00000000e+00  +1.97400087e-02
    82 1  +3.96289012e-01  +1.00000000e+00
    83 1  +1.00000000e+00  +8.02375755e-01
    84 1  +5.75301801e-01  +0.00000000e+00
    85 1  +7.67293021e-01  +1.00000000e+00
    86 1  +0.00000000e+00  +5.89488075e-01
    87 1  +9.20052973e-02  +1.00000000e+00
    88 1  +7.67039597e-01  +0.00000000e+00
    89 1  -3.83373888e-16  +4.03274458e-01
    90 1  +1.00000000e+00  +4.75416487e-01
    91 1  +1.00000000e+00  +7.72405765e-01
    92 1  +0.00000000e+00  +8.51045670e-01
    93 1  +8.65380759e-02  +1.00000000e+00
    94 1  +0.00000000e+00  +4.90531694e-01
    95 1  -1.37910516e-16  +3.51171544e-01
    96 1  +0.00000000e+00  +9.77276204e-01
    97 1  +1.00000000e+00  +5.91542401e-01
    98 1  +0.00000000e+00  +6.13649868e-01
    99 1  +8.70961585e-02  -1.21430643e-17
   100 1  +0.00000000e+00  +4.61021172e-01
   101 1  -1.48318857e-16  +2.21878485e-01
   102 1  +1.00000000e+00  +8.55555127e-01
   103 1  +1.97066385e-03  +0.00000000e+00
   104 1  +6.39724278e-01  +0.00000000e+00
   105 1  -4.68375339e-17  +6.45892586e-01
   106 1  +0.00000000e+00  +8.71647986e-01
   107 1  +3.20019476e-01  +1.00000000e+00
   108 1  +1.30510879e-01  +1.00000000e+00
   109 1  +1.00000000e+00  +1.61655204e-01
   110 1  +0.00000000e+00  +9.34801295e-01
   111 1  +1.00000000e+00  +6.67658403e-01
   112 1  +9.33108576e-01  +1.00000000e+00
   113 1  +3.82361578e-01  -6.93889390e-17
   114 1  +0.00000000e+00  +8.65705684e-01
   115 1  +1.31066193e-01  +1.00000000e+00
   116 1  +7.31061759e-01  +1.00000000e+00
   117 1  +1.00000000e+00  +2.81012098e-01
   118 1  +0.00000000e+00  +8.79385886e-01
   119 1  +4.55909744e-01  -1.35308431e-16
   120 1  +0.00000000e+00  +2.84191897e-01
   121 1  +1.16805512e-01  +1.00000000e+00
   122 1  +4.74761646e-01  +1.00000000e+00
   123 1  +1.70002901e-16  +4.20202551e-01
   124 1  +8.09623034e-01  +0.00000000e+00
   125 1  +1.00000000e+00  +1.40911094e-01
   126 1  +1.00000000e+00  +6.79406901e-01
   127 1  -1.75207071e-16  +3.45395999e-02
   128 1  +0.00000000e+00  +4.64952114e-02
   129 1  +1.00000000e+00  +7.93790308e-01
   130 1  +8.15984205e-01  +1.00000000e+00
   131 1  +3.55559509e-01  +1.00000000e+00
   132 1  +7.05567137e-01  +0.00000000e+00
   133 1  +5.09669177e-01  +1.00000000e+00
   134 1  +1.40247930e-01  +1.00000000e+00
   135 1  +2.89311778e-01  +1.00000000e+00
   136 1  +5.83442174e-01  +0.00000000e+00
   137 1  +6.63156777e-01  +1.00000000e+00
   138 1  +4.01425704e-01  +0.00000000e+00
   139 1  +1.20952580e-01  -2.86229374e-17
   140 1  +8.55895142e-01  +0.00000000e+00
   141 1  +1.00000000e+00  +1.63489784e-01
   142 1  +1.24664904e-02  +0.00000000e+00
   143 1  -1.38777878e-16  +1.96907520e-01
   144 1  +4.31153756e-01  +0.00000000e+00
   145 1  +1.00000000e+00  +4.13327687e-01
   146 1  +2.32706480e-01  +1.00000000e+00
   147 1  -1.92120625e-16  +7.05619690e-01
   148 1  +2.31471695e-01  +0.00000000e+00
   149 1  -7.80625564e-17  +4.99522566e-01
   150 1  +1.00000000e+00  +5.30486102e-01
   151 1  +1.00000000e+00  +1.82439503e-01
   152 1  +4.64842469e-02  +0.00000000e+00
   153 1  -1.49186219e-16  +5.62106838e-02
   154 1  +1.00000000e+00  +9.88721157e-01
   155 1  +8.89164450e-01  +1.00000000e+00
   156 1  +5.08692898e-01  +1.00000000e+00
   157 1  +9.13571343e-01  +1.00000000e+00
   158 1  +0.00000000e+00  +5.85595357e-01
   159 1  -1.90819582e-17  +8.40009439e-01
   160 1  +6.78731747e-01  +1.00000000e+00
   161 1  +5.20417043e-17  +7.66314912e-01
   162 1  +0.00000000e+00  +4.36415670e-01
   163 1  -2.29850861e-16  +4.79360790e-01
   164 1  +7.41053336e-01  +0.00000000e+00
   165 1  +7.09548163e-01  +1.00000000e+00
   166 1  +0.00000000e+00  +5.51702261e-01
   167 1  -1.45716772e-16  +2.04024332e-01
   168 1  +6.17016054e-01  +1.00000000e+00
   169 1  -4.19803081e-16  +3.61648310e-01
   170 1  +4.19380775e-01  +0.00000000e+00
   171 1  +9.83818116e-02  -2.08166817e-17
   172 1  +6.73065494e-01  +0.00000000e+00
   173 1  +3.28173707e-01  -8.45677695e-17
   174 1  +3.18730788e-01  +1.00000000e+00
   175 1  -2.08166817e-17  +8.37780604e-01
   176 1  +0.00000000e+00  +7.11912765e-01
   177 1  +1.05004935e-01  -2.77555756e-17
   178 1  +2.33752256e-01  +1.00000000e+00
   179 1  -2.08166817e-17  +8.01059525e-01
   180 1  +4.05314123e-01  +0.00000000e+00
   181 1  +3.40766988e-01  -7.28583860e-17
   182 1  +1.00000000e+00  +5.28627789e-01
   183 1  +1.00000000e+00  +2.47790173e-01
   184 1  +5.43568267e-01  +1.00000000e+00
   185 1  +7.33588957e-01  +1.00000000e+00
   186 1  +7.63213134e-02  +0.00000000e+00
   187 1  +6.51869029e-01  +1.00000000e+00
   188 1  +9.91355713e-01  +0.00000000e+00
   189 1  +1.00000000e+00  +2.99742092e-02
   190 1  +1.03106288e-01  +0.00000000e+00
   191 1  -4.85722573e-17  +8.01389201e-01
   192 1  +3.60022518e-01  +0.00000000e+00
   193 1  +2.72251369e-01  +1.00000000e+00
   194 1  +0.00000000e+00  +5.20707869e-01
   195 1  -3.98119038e-16  +3.34686148e-01
   196 1  +0.00000000e+00  +6.84203175e-01
   197 1  -8.63024929e-17  +3.37105520e-01
   198 1  +5.80307240e-01  +1.00000000e+00
   199 1  +1.45167894e-01  +1.00000000e+00
*Segmentos 
100
     0     0     1   5.63534960e-01   3.66869111e-01   1.53606543e+00
     1     2     3   1.71968155e-01   1.67318929e-01   1.02778661e+00
     2     4     5   1.01504693e+00   9.10914126e-01   1.11431682e+00
     3     6     7   7.21145295e-01   6.34553415e-01   1.13646114e+00
     4     8     9   1.81406320e-01   1.62984356e-01   1.11302903e+00
     5    10    11   1.46835380e-01   1.40244829e-01   1.04699318e+00
     6    12    13   1.83168945e+00   6.81189380e-01   2.68895773e+00
     7    14    15   1.21778148e+00   5.85044458e-01   2.08151956e+00
     8    16    17   8.46137664e-01   6.74084766e-01   1.25523926e+00
     9    18    19   1.61774377e-01   1.56239819e-01   1.03542348e+00
    10    20    21   7.61291663e-01   6.67343661e-01   1.14077904e+00
    11    22    23   8.25301950e-01   7.57267869e-02   1.08984150e+01
    12    24    25   2.38838184e-01   1.96334260e-01   1.21648756e+00
    13    26    27   1.94080395e-01   1.81028880e-01   1.07209631e+00
    14    28    29   3.36526134e-01   2.67587650e-01   1.25762954e+00
    15    30    31   9.93313776e-01   7.47527745e-01   1.32879854e+00
    16    32    33   1.99675635e-01   1.73544286e-01   1.15057453e+00
    17    34    35   7.43350501e-01   6.66010592e-01   1.11612414e+00
    18    36    37   1.53969998e+00   9.60712361e-01   1.60266490e+00
    19    38    39   1.50200971e+00   1.11198712e+00   1.35074380e+00
    20    40    41   7.34090332e-01   5.43141231e-01   1.35156436e+00
    21    42    43   3.74933540e-02   3.68152837e-02   1.01841818e+00
    22    44    45   1.47907854e+00   1.96272164e-01   7.53585489e+00
    23    46    47   1.06209966e-01   1.02144611e-01   1.03980000e+00
    24    48    49   4.80601141e-01   3.99752432e-01   1.20224695e+00
    25    50    51   6.10647599e-01   4.44131503e-01   1.37492521e+00
    26    52    53   7.28499226e-01   4.82033824e-01   1.51130313e+00
    27    54    55   6.52340625e-01   5.39971644e-01   1.20810163e+00
    28    56    57   3.99408465e-01   3.66133780e-01   1.09088122e+00
    29    58    59   1.46286787e+00   1.03268054e+00   1.41657348e+00
    30    60    61   1.15594098e+00   1.02806908e+00   1.12438065e+00
    31    62    63   9.13749123e-01   8.14724584e-01   1.12154358e+00
    32    64    65   1.07341976e+00   7.37455313e-01   1.45557262e+00
    33    66    67   8.48627927e-01   3.24473418e-01   2.61540046e+00
    34    68    69   6.87344347e-01   3.19767599e-01   2.14951217e+00
    35    70    71   9.11901144e-01   2.22214154e-01   4.10370414e+00
    36    72    73   1.41204878e+00   5.11777621e-01   2.75910614e+00
    37    74    75   1.61316092e+00   1.15355729e-01   1.39842289e+01
    38    76    77   1.34719750e-01   1.17915333e-01   1.14251256e+00
    39    78    79   9.37669739e-01   8.61116932e-01   1.08889943e+00
    40    80    81   8.43879649e-02   8.07221108e-02   1.04541326e+00
    41    82    83   8.05007941e-01   6.35234051e-01   1.26726195e+00
    42    84    85   2.04826604e+00   1.01826354e+00   2.01152842e+00
    43    86    87   4.42740882e-01   4.20695871e-01   1.05240130e+00
    44    88    89   1.91093999e+00   8.66591041e-01   2.20512317e+00
    45    90    91   2.28794461e+00   2.96989278e-01   7.70379531e+00
    46    92    93   1.74805661e-01   1.72267905e-01   1.01473145e+00
    47    94    95   1.50237818e-01   1.39360150e-01   1.07805436e+00
    48    96    97   1.30122850e+00   1.07181648e+00   1.21404039e+00
    49    98    99   1.64426118e+00   6.19799888e-01   2.65289041e+00
    50   100   101   2.54853604e-01   2.39142686e-01   1.06569684e+00
    51   102   103   1.98501041e+00   1.31454826e+00   1.51003235e+00
    52   104   105   1.15905016e+00   9.09078866e-01   1.27497206e+00
    53   106   107   3.58646047e-01   3.44799513e-01   1.04015822e+00
    54   108   109   1.34761096e+00   1.20782173e+00   1.11573664e+00
    55   110   111   1.36522044e+00   1.03506779e+00   1.31896717e+00
    56   112   113   1.29186784e+00   1.14163140e+00   1.13159802e+00
    57   114   115   2.00722229e-01   1.87652099e-01   1.06965086e+00
    58   116   117   9.45032711e-01   7.67640137e-01   1.23108820e+00
    59   118   119   1.29934122e+00   9.90541888e-01   1.31174787e+00
    60   120   121   8.28867658e-01   7.25275650e-01   1.14283122e+00
    61   122   123   8.02113049e-01   7.49375542e-01   1.07037527e+00
    62   124   125   2.45437727e-01   2.36852962e-01   1.03624513e+00
    63   126   127   1.57086730e+00   1.18989657e+00   1.32017130e+00
    64   128   129   1.49237061e+00   1.24837893e+00   1.19544681e+00
    65   130   131   5.49204561e-01   4.60424696e-01   1.19282168e+00
    66   132   133   1.40796883e+00   1.01900737e+00   1.38170624e+00
    67   134   135   1.55001464e-01   1.49063848e-01   1.03983270e+00
    68   136   137   1.30796791e+00   1.00317218e+00   1.30383192e+00
    69   138   139   3.71624323e-01   2.80473124e-01   1.32499085e+00
    70   140   141   2.32108656e-01   2.17933750e-01   1.06504227e+00
    71   142   143   3.92299570e-01   1.97301760e-01   1.98832271e+00
    72   144   145   7.52846692e-01   7.03154198e-01   1.07067083e+00
    73   146   147   4.06268790e-01   3.75249347e-01   1.08266355e+00
    74   148   149   5.98638899e-01   5.50546946e-01   1.08735305e+00
    75   150   151   3.96676679e-01   3.48046600e-01   1.13972290e+00
    76   152   153   7.50393492e-02   7.29412516e-02   1.02876421e+00
    77   154   155   1.14481541e-01   1.11407951e-01   1.02758860e+00
    78   156   157   1.00753169e+00   4.04878444e-01   2.48847945e+00
    79   158   159   3.10277571e-01   2.54414082e-01   1.21957703e+00
    80   160   161   1.22525304e+00   7.17833898e-01   1.70687543e+00
    81   162   163   4.41571022e-02   4.29451202e-02   1.02822165e+00
    82   164   165   1.16207408e+00   1.00049616e+00   1.16149778e+00
    83   166   167   4.27378499e-01   3.47677929e-01   1.22923678e+00
    84   168   169   1.13772227e+00   8.87807238e-01   1.28149695e+00
    85   170   171   7.12328234e-01   3.20998963e-01   2.21909824e+00
    86   172   173   1.53504192e+00   3.44891787e-01   4.45079292e+00
    87   174   175   4.50726445e-01   3.57637313e-01   1.26028921e+00
    88   176   177   8.37016261e-01   7.19615051e-01   1.16314446e+00
    89   178   179   3.57776920e-01   3.06948578e-01   1.16559237e+00
    90   180   181   1.03250959e+00   6.45471346e-02   1.59962111e+01
    91   182   183   2.89104882e-01   2.80837616e-01   1.02943789e+00
    92   184   185   2.00235127e-01   1.90020691e-01   1.05375434e+00
    93   186   187   2.05224357e+00   1.15380032e+00   1.77868175e+00
    94   188   189   3.16142300e-02   3.11957837e-02   1.01341355e+00
    95   190   191   1.78898868e+00   8.07994776e-01   2.21410921e+00
    96   192   193   1.23525397e+00   1.00384450e+00   1.23052323e+00
    97   194   195   1.07578865e+00   1.86021720e-01   5.78313462e+00
    98   196   197   1.64870155e+00   3.47097656e-01   4.74996452e+00
    99   198   199   1.45734263e+00   4.35139346e-01   3.34914009e+00
