*Coordenadas 
200
     0 1  +7.69945857e-02  +0.00000000e+00
     1 1  -7.63278329e-17  +3.17995912e-01
     2 1  +1.00000000e+00  +4.34835871e-01
     3 1  -8.32667268e-17  +6.12395099e-01
     4 1  +0.00000000e+00  +7.59076759e-01
     5 1  +1.00000000e+00  +9.02402111e-01
     6 1  +0.00000000e+00  +7.16911523e-01
     7 1  +2.68331232e-01  -4.85722573e-17
     8 1  +1.00000000e+00  +2.77372656e-01
     9 1  -1.28369537e-16  +9.30954795e-02
    10 1  +3.04049468e-01  +0.00000000e+00
    11 1  +2.28983499e-16  +1.30228146e-01
    12 1  +3.76322124e-01  +0.00000000e+00
    13 1  -1.24900090e-16  +2.78007490e-01
    14 1  +1.00000000e+00  +5.75060454e-01
    15 1  +1.00000000e+00  +7.80338761e-01
    16 1  +3.20538229e-01  +1.00000000e+00
    17 1  -6.00214323e-16  +9.19187141e-02
    18 1  +5.54708785e-01  +1.00000000e+00
    19 1  +1.00000000e+00  +6.65885206e-01
    20 1  +1.00000000e+00  +8.94649269e-01
    21 1  -4.30211422e-16  +3.12629542e-01
    22 1  +6.10060195e-01  +1.00000000e+00
    23 1  -2.01227923e-16  +6.78175138e-01
    24 1  +5.60948304e-01  +1.00000000e+00
    25 1  -1.38777878e-17  +9.09677154e-01
    26 1  +1.94435426e-01  +1.00000000e+00
    27 1  +2.78152658e-01  +1.00000000e+00
    28 1  +0.00000000e+00  +3.21861290e-01
    29 1  +1.38478273e-01  -4.16333634e-17
    30 1  +9.20022139e-01  +0.00000000e+00
    31 1  +1.03012748e-01  +1.00000000e+00
    32 1  +9.12080845e-01  +1.00000000e+00
    33 1  +1.00000000e+00  +9.55597362e-01
    34 1  +5.53321478e-01  +1.00000000e+00
    35 1  +3.04418692e-01  -8.32667268e-17
    36 1  +0.00000000e+00  +3.82222739e-01
    37 1  +7.67674429e-01  +1.00000000e+00
    38 1  +1.00000000e+00  +6.33785229e-01
    39 1  +6.97491534e-01  +1.00000000e+00
    40 1  +1.31643459e-01  +0.00000000e+00
    41 1  +5.08716198e-01  +1.00000000e+00
    42 1  +6.75681424e-02  +1.00000000e+00
    43 1  -2.77555756e-17  +8.29723727e-01
    44 1  +1.13705323e-01  +0.00000000e+00
    45 1  +6.81200199e-01  +1.00000000e+00
    46 1  +0.00000000e+00  +5.86158841e-01
    47 1  +6.86316826e-01  -1.49186219e-16
    48 1  +5.90574662e-02  +0.00000000e+00
    49 1  +4.37779820e-01  +1.00000000e+00
    50 1  +0.00000000e+00  +7.54585613e-01
    51 1  +4.22910170e-01  +1.00000000e+00
    52 1  +5.61247309e-01  +0.00000000e+00
    53 1  +9.43625767e-02  +1.00000000e+00
    54 1  +1.00000000e+00  +3.95995144e-01
    55 1  +7.19423070e-01  -1.17961196e-16
    56 1  +4.49019376e-01  +0.00000000e+00
    57 1  +1.00000000e+00  +3.46815860e-01
    58 1  +9.87920973e-01  +0.00000000e+00
    59 1  +1.00000000e+00  +1.27574301e-03
    60 1  +0.00000000e+00  +1.71547647e-01
    61 1  +1.00000000e+00  +6.66170614e-01
    62 1  +0.00000000e+00  +9.90778557e-01
    63 1  +1.54484751e-02  +1.00000000e+00
    64 1  +0.00000000e+00  +7.64441126e-01
    65 1  +5.05429692e-01  +1.00000000e+00
    66 1  +7.04086399e-02  +0.00000000e+00
    67 1  +6.66274169e-01  +1.00000000e+00
    68 1  +5.97314008e-01  +0.00000000e+00
    69 1  +4.75299670e-02  -9.54097912e-18
    70 1  +3.48250489e-01  +0.00000000e+00
    71 1  +1.00000000e+00  +7.23788936e-01
    72 1  +0.00000000e+00  +6.29614593e-01
    73 1  +1.42561826e-02  +1.38777878e-17
    74 1  +0.00000000e+00  +5.63838923e-01
    75 1  +4.20362639e-01  +1.00000000e+00
    76 1  +2.72998653e-01  +0.00000000e+00
    77 1  -1.92554306e-16  +2.62442185e-01
    78 1  +0.00000000e+00  +7.51865514e-01
    79 1  +1.00000000e+00  +6.94576309e-01
    80 1  +0.00000000e+00  +9.88817673e-01
    81 1  +2.20881038e-02  +1.00000000e+00
    82 1  +1.00000000e+00  +9.19812196e-01
    83 1  +9.58320374e-01  +1.00000000e+00
    84 1  +1.00000000e+00  +6.13303956e-01
    85 1  +3.79265653e-01  +1.00000000e+00
    86 1  +0.00000000e+00  +4.78789455e-01
    87 1  +1.00000000e+00  +9.97615623e-01
    88 1  +4.72419697e-01  +1.00000000e+00
    89 1  +1.00000000e+00  +9.53969985e-01
    90 1  +7.67838918e-01  +0.00000000e+00
    91 1  +1.00000000e+00  +1.84030018e-01
    92 1  +8.00453359e-01  +0.00000000e+00
    93 1  -2.42861287e-17  +8.46539422e-01
    94 1  +4.41127121e-01  +1.00000000e+00
    95 1  +1.00000000e+00  +6.49674915e-01
    96 1  +1.00000000e+00  +5.49806185e-01
    97 1  +6.21330135e-01  -1.76941795e-16
    98 1  +9.82656143e-01  +1.00000000e+00
    99 1  -3.81639165e-17  +7.84779052e-01
   100 1  +2.41548796e-01  +0.00000000e+00
   101 1  +9.78127971e-01  +1.00000000e+00
   102 1  +1.00000000e+00  +2.62184292e-01
   103 1  +2.22044605e-16  +1.20125661e-01
   104 1  +9.00174755e-01  +0.00000000e+00
   105 1  +1.26634814e-16  +5.11025440e-01
   106 1  +1.00000000e+00  +9.42003344e-01
   107 1  +2.16365787e-01  +1.00000000e+00
   108 1  +0.00000000e+00  +7.23218207e-01
   109 1  +4.18027366e-01  +1.00000000e+00
   110 1  +1.00000000e+00  +2.64465589e-01
   111 1  -4.99600361e-16  +2.01526578e-01
   112 1  +1.00000000e+00  +1.09527903e-01
   113 1  +1.00000000e+00  +3.91928313e-01
   114 1  +0.00000000e+00  +9.16314839e-01
   115 1  +9.48939943e-01  -2.08166817e-16
   116 1  +0.00000000e+00  +4.55802661e-01
   117 1  +1.00000000e+00  +5.79488959e-01
   118 1  +1.00000000e+00  +4.00552831e-01
   119 1  +9.27239855e-02  +1.00000000e+00
   120 1  +0.00000000e+00  +7.50849890e-01
   121 1  +0.00000000e+00  +9.83311724e-01
   122 1  +0.00000000e+00  +6.21273657e-01
   123 1  +3.18675140e-01  +1.00000000e+00
   124 1  +9.68102749e-01  +1.00000000e+00
   125 1  +1.00000000e+00  +9.37092130e-01
   126 1  +0.00000000e+00  +7.65957381e-01
   127 1  +3.64730973e-01  +1.00000000e+00
   128 1  +4.31319381e-01  +1.00000000e+00
   129 1  -1.11022302e-16  +5.29643009e-01
   130 1  +0.00000000e+00  +3.45596287e-01
   131 1  +2.04456718e-01  -4.16333634e-17
   132 1  +0.00000000e+00  +2.84940335e-01
   133 1  +1.00000000e+00  +5.31141219e-01
   134 1  +1.00000000e+00  +6.48319425e-01
   135 1  +8.56873209e-01  +1.00000000e+00
   136 1  +0.00000000e+00  +9.92472956e-01
   137 1  +2.69978723e-01  -7.71951947e-17
   138 1  +1.63162984e-01  +0.00000000e+00
   139 1  -2.08166817e-17  +9.04170301e-01
   140 1  +5.02636273e-01  +0.00000000e+00
   141 1  +8.32667268e-17  +7.08382082e-01
   142 1  +1.42235353e-01  +1.00000000e+00
   143 1  -9.36750677e-17  +8.21854405e-01
   144 1  +0.00000000e+00  +9.96094188e-01
   145 1  +3.79296165e-01  +1.00000000e+00
   146 1  +6.45879991e-01  +1.00000000e+00
   147 1  +1.00000000e+00  +9.58936655e-02
   148 1  +1.00000000e+00  +8.33721271e-01
   149 1  -3.88578059e-16  +4.20851281e-01
   150 1  +0.00000000e+00  +6.97508159e-01
   151 1  +1.56952407e-01  -4.16333634e-17
   152 1  +0.00000000e+00  +1.18716828e-01
   153 1  +1.00000000e+00  +4.10380175e-02
   154 1  +0.00000000e+00  +4.00889089e-01
   155 1  +5.50945616e-01  -1.45716772e-16
   156 1  +2.51049171e-01  +0.00000000e+00
   157 1  +2.77555756e-16  +7.76435736e-02
   158 1  +3.32795400e-01  +0.00000000e+00
   159 1  +1.00000000e+00  +3.47462029e-01
   160 1  +1.00000000e+00  +7.62566125e-01
   161 1  +1.06869166e-01  +1.00000000e+00
   162 1  +1.00000000e+00  +8.29501257e-01
   163 1  +1.00000000e+00  +7.22517905e-01
   164 1  +4.31721257e-01  +0.00000000e+00
   165 1  +1.00000000e+00  +5.92064081e-01
   166 1  +1.80205766e-01  +1.00000000e+00
   167 1  +5.79546421e-01  +1.00000000e+00
   168 1  +4.35516010e-01  +0.00000000e+00
   169 1  +1.00000000e+00  +2.93325831e-01
   170 1  +6.50039453e-01  +0.00000000e+00
   171 1  +1.00000000e+00  +1.18754153e-01
   172 1  +9.49353504e-01  +1.00000000e+00
   173 1  +2.66595125e-01  -6.24500451e-17
   174 1  +1.00000000e+00  +8.94241679e-01
   175 1  +1.10425237e-01  +1.00000000e+00
   176 1  +4.51004648e-01  +0.00000000e+00
   177 1  +8.68442829e-01  -2.01227923e-16
   178 1  +8.66813074e-01  +0.00000000e+00
   179 1  +1.00000000e+00  +7.36981073e-02
   180 1  +0.00000000e+00  +5.41612634e-02
   181 1  +1.67834449e-02  -6.93889390e-18
   182 1  +1.00000000e+00  +9.54809391e-02
   183 1  +2.08166817e-16  +1.60423233e-01
   184 1  +0.00000000e+00  +7.58403706e-01
   185 1  +1.79737876e-01  +1.00000000e+00
   186 1  +0.00000000e+00  +8.03023479e-01
   187 1  -5.03069808e-17  +6.79989425e-01
   188 1  +1.00000000e+00  +1.70525737e-01
   189 1  +9.90649939e-01  -2.81025203e-16
   190 1  +1.46143526e-01  +0.00000000e+00
   191 1  +1.00000000e+00  +1.42753719e-01
   192 1  +1.35789236e-01  +0.00000000e+00
   193 1  +4.85722573e-17  +1.09621274e-01
   194 1  +0.00000000e+00  +6.92498388e-01
   195 1  +6.48171762e-01  +1.00000000e+00
   196 1  +4.67670398e-01  +0.00000000e+00
   197 1  +1.00000000e+00  +5.57965610e-01
   198 1  +0.00000000e+00  +9.87985240e-01
   199 1  +6.85203662e-03  +1.00000000e+00
*Segmentos 
100
     0     0     1   3.41516193e-01   3.27184300e-01   1.04380373e+00
     1     2     3   1.04727163e+00   1.01564131e+00   1.03114320e+00
     2     4     5   1.05526310e+00   1.01021887e+00   1.04458859e+00
     3     6     7   7.72530688e-01   7.65482712e-01   1.00920723e+00
     4     8     9   1.05827602e+00   1.01683729e+00   1.04075257e+00
     5    10    11   3.50603128e-01   3.30764945e-01   1.05997668e+00
     6    12    13   4.83478543e-01   4.67874454e-01   1.03335102e+00
     7    14    15   2.11668252e-01   2.05278307e-01   1.03112820e+00
     8    16    17   9.90071283e-01   9.62993447e-01   1.02811840e+00
     9    18    19   5.90455557e-01   5.56701861e-01   1.06063155e+00
    10    20    21   1.17292061e+00   1.15704233e+00   1.01372316e+00
    11    22    23   7.10540387e-01   6.89742476e-01   1.03015315e+00
    12    24    25   5.77862089e-01   5.68173580e-01   1.01705202e+00
    13    26    27   8.41922784e-02   8.37172323e-02   1.00567441e+00
    14    28    29   3.58300923e-01   3.50386817e-01   1.02258677e+00
    15    30    31   1.40504829e+00   1.29131884e+00   1.08807232e+00
    16    32    33   9.97952910e-02   9.84955432e-02   1.01319601e+00
    17    34    35   1.09938763e+00   1.03051084e+00   1.06683751e+00
    18    36    37   1.22466678e+00   9.85379507e-01   1.24283768e+00
    19    38    39   4.94029521e-01   4.74999611e-01   1.04006300e+00
    20    40    41   1.08992773e+00   1.06873002e+00   1.01983449e+00
    21    42    43   1.89013646e-01   1.83192421e-01   1.03177656e+00
    22    44    45   1.24107454e+00   1.14980452e+00   1.07937873e+00
    23    46    47   1.40753116e+00   9.02559124e-01   1.55948915e+00
    24    48    49   1.46648316e+00   1.06931315e+00   1.37142534e+00
    25    50    51   4.99887736e-01   4.88959337e-01   1.02235032e+00
    26    52    53   1.13101749e+00   1.10362192e+00   1.02482333e+00
    27    54    55   4.92609209e-01   4.85320067e-01   1.01501925e+00
    28    56    57   6.55011634e-01   6.51045996e-01   1.00609118e+00
    29    58    59   1.21462103e-02   1.21462103e-02   1.00000000e+00
    30    60    61   1.13889261e+00   1.11563967e+00   1.02084269e+00
    31    62    63   1.79913980e-02   1.79913980e-02   1.00000000e+00
    32    64    65   5.79948358e-01   5.57626360e-01   1.04003038e+00
    33    66    67   1.19161487e+00   1.16406861e+00   1.02366377e+00
    34    68    69   5.96254180e-01   5.49784041e-01   1.08452435e+00
    35    70    71   1.09957993e+00   9.73985548e-01   1.12894892e+00
    36    72    73   7.25560565e-01   6.29775972e-01   1.15209312e+00
    37    74    75   6.18113798e-01   6.05756744e-01   1.02039937e+00
    38    76    77   3.83540224e-01   3.78687424e-01   1.01281479e+00
    39    78    79   1.10482204e+00   1.00163968e+00   1.10301345e+00
    40    80    81   2.47573982e-02   2.47573982e-02   1.00000000e+00
    41    82    83   9.05155449e-02   9.03729777e-02   1.00157754e+00
    42    84    85   7.56167288e-01   7.31330951e-01   1.03396046e+00
    43    86    87   1.16950812e+00   1.12657915e+00   1.03810559e+00
    44    88    89   5.69074810e-01   5.29584496e-01   1.07456849e+00
    45    90    91   3.00188595e-01   2.96252959e-01   1.01328472e+00
    46    92    93   1.20446806e+00   1.16505561e+00   1.03382882e+00
    47    94    95   6.78863094e-01   6.59595755e-01   1.02921083e+00
    48    96    97   6.82111895e-01   6.67590974e-01   1.02175122e+00
    49    98    99   1.03903098e+00   1.00594888e+00   1.03288646e+00
    50   100   101   1.27404127e+00   1.24199391e+00   1.02580315e+00
    51   102   103   1.05349652e+00   1.01003993e+00   1.04302463e+00
    52   104   105   1.18504615e+00   1.03511429e+00   1.14484571e+00
    53   106   107   8.22749273e-01   7.85777444e-01   1.04705127e+00
    54   108   109   5.11565153e-01   5.01353209e-01   1.02036876e+00
    55   110   111   1.03429777e+00   1.00197870e+00   1.03225524e+00
    56   112   113   3.01826108e-01   2.82400410e-01   1.06878778e+00
    57   114   115   1.36413080e+00   1.31913604e+00   1.03410926e+00
    58   116   117   1.05845052e+00   1.00762012e+00   1.05044600e+00
    59   118   119   1.25678710e+00   1.08742203e+00   1.15574916e+00
    60   120   121   2.38438422e-01   2.32461834e-01   1.02570998e+00
    61   122   123   5.08174539e-01   4.94962107e-01   1.02669382e+00
    62   124   125   7.05325081e-02   7.05325081e-02   1.00000000e+00
    63   126   127   4.48927142e-01   4.33364316e-01   1.03591165e+00
    64   128   129   6.58952643e-01   6.38178743e-01   1.03255185e+00
    65   130   131   4.11421351e-01   4.01546190e-01   1.02459284e+00
    66   132   133   1.06185006e+00   1.02986158e+00   1.03106095e+00
    67   134   135   3.84594174e-01   3.79690011e-01   1.01291623e+00
    68   136   137   1.10308104e+00   1.02853832e+00   1.07247442e+00
    69   138   139   1.00463922e+00   9.18774234e-01   1.09345602e+00
    70   140   141   1.05263387e+00   8.68589890e-01   1.21188824e+00
    71   142   143   2.31438771e-01   2.27962165e-01   1.01525081e+00
    72   144   145   3.92415062e-01   3.79316275e-01   1.03453263e+00
    73   146   147   1.05178745e+00   9.70983648e-01   1.08321850e+00
    74   148   149   1.33792799e+00   1.08187875e+00   1.23667092e+00
    75   150   151   7.50378883e-01   7.14948733e-01   1.04955621e+00
    76   152   153   1.06020188e+00   1.00301246e+00   1.05701765e+00
    77   154   155   7.79189335e-01   6.81361235e-01   1.14357744e+00
    78   156   157   2.66678780e-01   2.62781679e-01   1.01483018e+00
    79   158   159   7.75967906e-01   7.52257828e-01   1.03151855e+00
    80   160   161   1.01321615e+00   9.24152331e-01   1.09637353e+00
    81   162   163   1.07531804e-01   1.06983352e-01   1.00512652e+00
    82   164   165   8.39173621e-01   8.20658641e-01   1.02256112e+00
    83   166   167   4.05811556e-01   3.99340655e-01   1.01620396e+00
    84   168   169   6.55895083e-01   6.36146381e-01   1.03104427e+00
    85   170   171   3.77977871e-01   3.69560460e-01   1.02277682e+00
    86   172   173   1.23969226e+00   1.21085053e+00   1.02381940e+00
    87   174   175   9.48371860e-01   8.95839317e-01   1.05864059e+00
    88   176   177   4.39386401e-01   4.17438181e-01   1.05257837e+00
    89   178   179   1.53016808e-01   1.52217503e-01   1.00525107e+00
    90   180   181   5.67020853e-02   5.67020853e-02   1.00000000e+00
    91   182   183   1.01751057e+00   1.00210653e+00   1.01537166e+00
    92   184   185   3.11596574e-01   3.01122024e-01   1.03478507e+00
    93   186   187   1.25282258e-01   1.23034054e-01   1.01827303e+00
    94   188   189   1.71153747e-01   1.70781881e-01   1.00217743e+00
    95   190   191   8.96932843e-01   8.65707515e-01   1.03606914e+00
    96   192   193   1.75831648e-01   1.74515158e-01   1.00754370e+00
    97   194   195   7.23378360e-01   7.17414716e-01   1.00831269e+00
    98   196   197   8.11761184e-01   7.71168223e-01   1.05263827e+00
    99   198   199   1.38312998e-02   1.38312998e-02   1.00000000e+00
