*Coordenadas 
200
     0 1  +9.88973929e-01  +0.00000000e+00
     1 1  -1.52655666e-16  +2.11161161e-01
     2 1  +1.00000000e+00  +5.58051774e-01
     3 1  +2.65772117e-01  +1.00000000e+00
     4 1  +1.00000000e+00  +8.62541313e-01
     5 1  -4.77048956e-17  +8.32340144e-01
     6 1  +0.00000000e+00  +2.76096788e-02
     7 1  +1.00000000e+00  +8.11347381e-01
     8 1  +3.49559734e-01  +1.00000000e+00
     9 1  +3.00012096e-01  +1.00000000e+00
    10 1  +0.00000000e+00  +1.05959665e-01
    11 1  -1.02348685e-16  +4.39786567e-01
    12 1  +1.00000000e+00  +5.02620284e-01
    13 1  +1.00000000e+00  +5.96612243e-01
    14 1  +1.00000000e+00  +9.31021033e-01
    15 1  -1.38777878e-16  +6.97261408e-03
    16 1  +0.00000000e+00  +3.46719612e-01
    17 1  +2.43250316e-01  -5.55111512e-17
    18 1  +1.00000000e+00  +3.91655961e-01
    19 1  -5.32560107e-16  +1.13057821e-01
    20 1  +6.75652143e-01  +0.00000000e+00
    21 1  +6.92152827e-01  +1.00000000e+00
    22 1  +4.46449147e-01  +1.00000000e+00
    23 1  +1.00000000e+00  +2.79523455e-01
    24 1  +9.19277961e-01  +0.00000000e+00
    25 1  +3.35489515e-01  -1.11022302e-16
    26 1  +0.00000000e+00  +6.39133244e-01
    27 1  +1.00000000e+00  +8.96193665e-01
    28 1  +0.00000000e+00  +2.16533548e-01
    29 1  +2.01658447e-01  +1.00000000e+00
    30 1  +7.83885231e-02  +0.00000000e+00
    31 1  +2.69109945e-02  -7.15573434e-18
    32 1  +1.00000000e+00  +4.80792998e-01
    33 1  +1.00000000e+00  +6.59195023e-01
    34 1  +2.02756637e-01  +0.00000000e+00
    35 1  +3.42481220e-01  +1.00000000e+00
    36 1  +9.10266210e-02  +0.00000000e+00
    37 1  -1.68268177e-16  +4.16066794e-02
    38 1  +3.16952963e-01  +0.00000000e+00
    39 1  +3.46598735e-01  +1.00000000e+00
    40 1  +1.24438341e-01  +1.00000000e+00
    41 1  -9.10729825e-18  +9.50954423e-01
    42 1  +6.95208739e-01  +0.00000000e+00
    43 1  +1.00000000e+00  +4.14114281e-01
    44 1  +1.00000000e+00  +3.22802423e-01
    45 1  +1.00000000e+00  +8.01903659e-01
    46 1  +0.00000000e+00  +3.28114399e-05
    47 1  +9.59198231e-06  +0.00000000e+00
    48 1  +1.00000000e+00  +9.76869267e-02
    49 1  +5.54518978e-01  +1.00000000e+00
    50 1  +8.59106430e-01  +1.00000000e+00
    51 1  -4.59701721e-17  +7.38985101e-01
    52 1  +2.80550742e-01  +1.00000000e+00
    53 1  +2.09888177e-01  -5.55111512e-17
    54 1  +1.00000000e+00  +1.65842862e-01
    55 1  +9.32475092e-01  -2.15105711e-16
    56 1  +0.00000000e+00  +3.08734817e-01
    57 1  -9.58434720e-17  +4.97069318e-01
    58 1  +1.00000000e+00  +4.26953310e-01
    59 1  +1.83880688e-16  +2.19797951e-01
    60 1  +1.00000000e+00  +2.01059939e-01
    61 1  +7.91547266e-01  -2.84494650e-16
    62 1  +0.00000000e+00  +2.44398776e-01
    63 1  +2.46866589e-01  +1.00000000e+00
    64 1  +2.76510158e-01  +1.00000000e+00
    65 1  +4.00773265e-01  -9.71445147e-17
    66 1  +6.35585931e-01  +1.00000000e+00
    67 1  +5.44529100e-01  +1.00000000e+00
    68 1  +0.00000000e+00  +3.26940956e-01
    69 1  +2.48072153e-01  -6.59194921e-17
    70 1  +0.00000000e+00  +3.30194300e-01
    71 1  +2.17256606e-01  -4.85722573e-17
    72 1  +9.61513589e-01  +0.00000000e+00
    73 1  +1.00000000e+00  +5.95975113e-03
    74 1  +5.51351759e-01  +1.00000000e+00
    75 1  +1.00000000e+00  +6.17467293e-01
    76 1  +0.00000000e+00  +6.89496083e-01
    77 1  +1.00000000e+00  +5.99043142e-01
    78 1  +1.00000000e+00  +3.93048328e-02
    79 1  +1.00000000e+00  +4.24806659e-01
    80 1  +1.09614019e-01  +1.00000000e+00
    81 1  +1.00000000e+00  +7.61140851e-01
    82 1  +7.00987610e-02  +0.00000000e+00
    83 1  -2.32452946e-16  +1.00415408e-01
    84 1  +1.00000000e+00  +8.49053463e-01
    85 1  +3.27056984e-01  +1.00000000e+00
    86 1  +8.51841394e-01  +1.00000000e+00
    87 1  +1.00000000e+00  +4.84783954e-01
    88 1  +2.13292817e-01  +0.00000000e+00
    89 1  +2.39391840e-16  +1.10470529e-01
    90 1  +1.00000000e+00  +1.31466805e-02
    91 1  +9.92600570e-01  -2.96637714e-16
    92 1  +0.00000000e+00  +9.77936394e-01
    93 1  +4.89051297e-03  +1.00000000e+00
    94 1  +4.64017874e-01  +0.00000000e+00
    95 1  +6.67371030e-01  -1.65666092e-16
    96 1  +8.20028798e-01  +1.00000000e+00
    97 1  +1.61075196e-01  -3.46944695e-17
    98 1  +0.00000000e+00  +1.97071242e-01
    99 1  +1.00000000e+00  +8.62922058e-01
   100 1  +8.16714646e-01  +0.00000000e+00
   101 1  -5.55111512e-17  +6.82748444e-01
   102 1  +9.30230452e-01  +1.00000000e+00
   103 1  +7.04594988e-01  -1.89084859e-16
   104 1  +9.03523278e-01  +1.00000000e+00
   105 1  +1.00000000e+00  +8.81436525e-01
   106 1  +1.00000000e+00  +5.63451909e-01
   107 1  +4.72321058e-01  +1.00000000e+00
   108 1  +1.00000000e+00  +1.76528381e-01
   109 1  +9.05211892e-01  -2.08166817e-16
   110 1  +7.84259569e-04  +0.00000000e+00
   111 1  +1.00000000e+00  +5.23638276e-01
   112 1  +8.31737044e-02  +1.00000000e+00
   113 1  +3.75107529e-01  +1.00000000e+00
   114 1  +1.46492993e-01  +1.00000000e+00
   115 1  -3.46944695e-18  +9.83212055e-01
   116 1  +1.00000000e+00  +4.30577765e-01
   117 1  -1.62169540e-16  +4.87742094e-01
   118 1  +1.00000000e+00  +9.12094249e-01
   119 1  +5.01618556e-01  -7.45931095e-17
   120 1  +8.18000609e-01  +0.00000000e+00
   121 1  -6.93889390e-17  +6.17707047e-01
   122 1  +7.61731778e-01  +1.00000000e+00
   123 1  +1.00000000e+00  +6.90640841e-01
   124 1  +4.64342919e-01  +1.00000000e+00
   125 1  +1.00000000e+00  +4.25606382e-01
   126 1  +0.00000000e+00  +8.48690312e-01
   127 1  +4.28599486e-02  +1.00000000e+00
   128 1  +6.35765304e-01  +1.00000000e+00
   129 1  +1.00000000e+00  +4.66060500e-01
   130 1  +0.00000000e+00  +2.93103135e-01
   131 1  +2.34187669e-17  +3.55925216e-01
   132 1  +0.00000000e+00  +5.40303100e-02
   133 1  +7.39076862e-01  +1.00000000e+00
   134 1  +0.00000000e+00  +6.50212929e-01
   135 1  +8.56065358e-01  +1.00000000e+00
   136 1  +0.00000000e+00  +7.86537517e-01
   137 1  -1.24900090e-16  +3.32378822e-01
   138 1  +1.54782688e-01  +1.00000000e+00
   139 1  -1.38777878e-17  +9.82940234e-01
   140 1  +6.53759584e-01  +0.00000000e+00
   141 1  +1.00000000e+00  +9.40962894e-01
   142 1  +1.00000000e+00  +7.06415234e-01
   143 1  +5.33796702e-01  -1.10154941e-16
   144 1  +8.43648684e-01  +0.00000000e+00
   145 1  +1.00000000e+00  +5.78970096e-01
   146 1  +0.00000000e+00  +5.40204416e-01
   147 1  +3.63100685e-01  -8.67361738e-17
   148 1  +1.00000000e+00  +6.18252892e-01
   149 1  -3.51281504e-16  +2.21116539e-01
   150 1  +0.00000000e+00  +7.54060344e-01
   151 1  +5.87543959e-01  +1.00000000e+00
   152 1  +1.00000000e+00  +5.55149680e-01
   153 1  +2.80808220e-01  +1.00000000e+00
   154 1  +7.47842778e-01  +0.00000000e+00
   155 1  +5.55638761e-01  +1.00000000e+00
   156 1  +0.00000000e+00  +6.82565883e-01
   157 1  +1.84477085e-01  +1.00000000e+00
   158 1  +1.00000000e+00  +2.23954149e-01
   159 1  +1.00000000e+00  +5.06409384e-01
   160 1  +4.26028982e-01  +1.00000000e+00
   161 1  +3.32344607e-01  +1.00000000e+00
   162 1  +0.00000000e+00  +5.32844374e-02
   163 1  +1.00000000e+00  +8.86660454e-01
   164 1  +0.00000000e+00  +5.40659448e-01
   165 1  +5.79370296e-01  +1.00000000e+00
   166 1  +3.66567186e-01  +1.00000000e+00
   167 1  +4.38745081e-01  +1.00000000e+00
   168 1  +0.00000000e+00  +7.08641925e-02
   169 1  -1.24900090e-16  +5.73541697e-01
   170 1  +0.00000000e+00  +1.69906781e-01
   171 1  -1.00613962e-16  +6.35371668e-01
   172 1  +6.08665806e-01  +0.00000000e+00
   173 1  +1.00000000e+00  +1.70124059e-01
   174 1  +0.00000000e+00  +3.84061578e-01
   175 1  +4.67205626e-02  -6.93889390e-18
   176 1  +0.00000000e+00  +9.43691217e-01
   177 1  +1.49422659e-02  +1.00000000e+00
   178 1  +0.00000000e+00  +6.70560631e-02
   179 1  +8.87353071e-01  +1.00000000e+00
   180 1  +0.00000000e+00  +4.02917623e-01
   181 1  +3.62471372e-01  +1.00000000e+00
   182 1  +1.00000000e+00  +1.81314073e-01
   183 1  +8.31588410e-01  +1.00000000e+00
   184 1  +2.10615124e-01  +0.00000000e+00
   185 1  +2.73162336e-02  -6.07153217e-18
   186 1  +4.93667144e-01  +1.00000000e+00
   187 1  +1.00000000e+00  +6.05321575e-01
   188 1  +1.00000000e+00  +7.65876990e-01
   189 1  +3.81222883e-01  -1.38777878e-16
   190 1  +4.41583398e-02  +0.00000000e+00
   191 1  +1.00000000e+00  +2.36642666e-01
   192 1  +7.84795610e-01  +0.00000000e+00
   193 1  +1.00000000e+00  +3.39444487e-01
   194 1  +1.74526311e-01  +0.00000000e+00
   195 1  +1.00000000e+00  +9.33601150e-01
   196 1  +1.00000000e+00  +4.90605204e-01
   197 1  -6.93889390e-17  +7.24964341e-01
   198 1  +4.13476062e-01  +1.00000000e+00
   199 1  +2.74912845e-01  +1.00000000e+00
*Segmentos 
100
     0     0     1   1.11761217e+00   1.01126578e+00   1.10516167e+00
     1     2     3   9.26969644e-01   8.56976556e-01   1.08167445e+00
     2     4     5   1.13409949e+00   1.00045595e+00   1.13358263e+00
     3     6     7   1.35450546e+00   1.27052933e+00   1.06609539e+00
     4     8     9   4.95571218e-02   4.95476378e-02   1.00019141e+00
     5    10    11   3.46070368e-01   3.33826902e-01   1.03667609e+00
     6    12    13   1.17573154e+00   9.39919590e-02   1.25088524e+01
     7    14    15   1.48565238e+00   1.36156729e+00   1.09113402e+00
     8    16    17   4.35742773e-01   4.23538907e-01   1.02881404e+00
     9    18    19   1.07767821e+00   1.03808329e+00   1.03814233e+00
    10    20    21   1.17164148e+00   1.00013613e+00   1.17148201e+00
    11    22    23   1.33697479e+00   9.08573057e-01   1.47151050e+00
    12    24    25   1.85421607e+00   5.83788446e-01   3.17617809e+00
    13    26    27   1.13236453e+00   1.03251153e+00   1.09670885e+00
    14    28    29   9.22409373e-01   8.09002973e-01   1.14018045e+00
    15    30    31   5.18761614e-02   5.14775286e-02   1.00774382e+00
    16    32    33   1.47392345e+00   1.78402025e-01   8.26180894e+00
    17    34    35   1.21256063e+00   1.00971430e+00   1.20089478e+00
    18    36    37   1.01790630e-01   1.00084772e-01   1.01704414e+00
    19    38    39   1.12932062e+00   1.00043934e+00   1.12882468e+00
    20    40    41   1.41149024e-01   1.33754886e-01   1.05528126e+00
    21    42    43   5.34769642e-01   5.14187077e-01   1.04002933e+00
    22    44    45   5.33095327e-01   4.79101236e-01   1.11269871e+00
    23    46    47   3.41847439e-05   3.41847439e-05   1.00000000e+00
    24    48    49   1.13232359e+00   1.00629132e+00   1.12524432e+00
    25    50    51   9.87119466e-01   8.97882306e-01   1.09938626e+00
    26    52    53   1.27711803e+00   1.00249349e+00   1.27394147e+00
    27    54    55   1.81172979e-01   1.79062749e-01   1.01178486e+00
    28    56    57   1.90935996e-01   1.88334501e-01   1.01381316e+00
    29    58    59   1.10848430e+00   1.02123129e+00   1.08543903e+00
    30    60    61   2.91270093e-01   2.89616369e-01   1.00571005e+00
    31    62    63   8.59506157e-01   7.94906486e-01   1.08126701e+00
    32    64    65   1.38151999e+00   1.00769108e+00   1.37097570e+00
    33    66    67   9.17611747e-02   9.10568314e-02   1.00773521e+00
    34    68    69   4.26599707e-01   4.10402463e-01   1.03946673e+00
    35    70    71   4.10930174e-01   3.95257775e-01   1.03965108e+00
    36    72    73   3.89451215e-02   3.89451215e-02   1.00000000e+00
    37    74    75   6.44217588e-01   5.89590125e-01   1.09265329e+00
    38    76    77   1.09923609e+00   1.00408253e+00   1.09476667e+00
    39    78    79   4.32629657e-01   3.85501826e-01   1.12225060e+00
    40    80    81   9.71196225e-01   9.21868151e-01   1.05350882e+00
    41    82    83   1.25300921e-01   1.22462609e-01   1.02317697e+00
    42    84    85   7.54808114e-01   6.89664527e-01   1.09445692e+00
    43    86    87   5.50837386e-01   5.36095651e-01   1.02749833e+00
    44    88    89   2.50944137e-01   2.40203172e-01   1.04471617e+00
    45    90    91   1.50859791e-02   1.50859791e-02   1.00000000e+00
    46    92    93   2.25991111e-02   2.25991111e-02   1.00000000e+00
    47    94    95   2.15721123e-01   2.03353156e-01   1.06082013e+00
    48    96    97   1.44597882e+00   1.19758918e+00   1.20740805e+00
    49    98    99   1.54264024e+00   1.20139806e+00   1.28403756e+00
    50   100   101   1.16137527e+00   1.06450376e+00   1.09100156e+00
    51   102   103   1.08958600e+00   1.02513968e+00   1.06286589e+00
    52   104   105   1.53684560e-01   1.52856323e-01   1.00541840e+00
    53   106   107   7.66112922e-01   6.84849839e-01   1.11865825e+00
    54   108   109   2.11412082e-01   2.00367300e-01   1.05512268e+00
    55   110   111   1.23821761e+00   1.12810866e+00   1.09760492e+00
    56   112   113   9.83400697e-01   2.91933825e-01   3.36857402e+00
    57   114   115   1.54799922e-01   1.47451796e-01   1.04983409e+00
    58   116   117   1.12026852e+00   1.00163255e+00   1.11844261e+00
    59   118   119   1.09293242e+00   1.03937480e+00   1.05152869e+00
    60   120   121   1.11811668e+00   1.02503024e+00   1.09081336e+00
    61   122   123   4.24566140e-01   3.90480262e-01   1.08729219e+00
    62   124   125   9.26895127e-01   7.85402150e-01   1.18015354e+00
    63   126   127   1.58445023e-01   1.57262828e-01   1.00751732e+00
    64   128   129   7.85486398e-01   6.46342250e-01   1.21527936e+00
    65   130   131   6.45216498e-02   6.28220812e-02   1.02705368e+00
    66   132   133   1.30696773e+00   1.20045544e+00   1.08872657e+00
    67   134   135   1.13696688e+00   9.24769643e-01   1.22945956e+00
    68   136   137   5.46290818e-01   4.54158695e-01   1.20286328e+00
    69   138   139   1.61343690e-01   1.55719993e-01   1.03611417e+00
    70   140   141   1.18770648e+00   1.00264330e+00   1.18457529e+00
    71   142   143   8.94684364e-01   8.46385254e-01   1.05706516e+00
    72   144   145   6.92623457e-01   5.99710018e-01   1.15493061e+00
    73   146   147   6.84287814e-01   6.50893938e-01   1.05130464e+00
    74   148   149   1.32364211e+00   1.07597271e+00   1.23018186e+00
    75   150   151   1.35135680e+00   6.36941299e-01   2.12163477e+00
    76   152   153   1.84748084e+00   8.45652779e-01   2.18468014e+00
    77   154   155   1.16468216e+00   1.01830368e+00   1.14374738e+00
    78   156   157   3.80092110e-01   3.67146038e-01   1.03526137e+00
    79   158   159   3.08026962e-01   2.82455235e-01   1.09053373e+00
    80   160   161   9.64955930e-02   9.36843753e-02   1.03000733e+00
    81   162   163   1.37183421e+00   1.30173560e+00   1.05385011e+00
    82   164   165   7.97856917e-01   7.39367082e-01   1.07910798e+00
    83   166   167   7.44648249e-02   7.21778945e-02   1.03168464e+00
    84   168   169   5.55054759e-01   5.02677504e-01   1.10419654e+00
    85   170   171   4.93849830e-01   4.65464887e-01   1.06098192e+00
    86   172   173   4.33733424e-01   4.26713776e-01   1.01645048e+00
    87   174   175   3.92813905e-01   3.86892888e-01   1.01530402e+00
    88   176   177   5.87185386e-02   5.82576208e-02   1.00791172e+00
    89   178   179   1.49221675e+00   1.28754800e+00   1.15896009e+00
    90   180   181   7.59046933e-01   6.98493278e-01   1.08669182e+00
    91   182   183   1.29732113e+00   8.35828398e-01   1.55213814e+00
    92   184   185   1.92692010e-01   1.83298890e-01   1.05124483e+00
    93   186   187   7.52602171e-01   6.41984439e-01   1.17230594e+00
    94   188   189   1.11063009e+00   9.84607883e-01   1.12799228e+00
    95   190   191   1.25825327e+00   9.84699462e-01   1.27780437e+00
    96   192   193   4.13505245e-01   4.01914779e-01   1.02883812e+00
    97   194   195   1.42054368e+00   1.24620140e+00   1.13989897e+00
    98   196   197   1.11076542e+00   1.02709503e+00   1.08146314e+00
    99   198   199   1.41426852e-01   1.38563216e-01   1.02066663e+00
