*Coordenadas 
200
     0 1  +0.00000000e+00  +8.79757546e-01
     1 1  -7.63278329e-17  +5.25008486e-01
     2 1  +1.00000000e+00  +2.16050888e-01
     3 1  +8.63760479e-02  +1.00000000e+00
     4 1  +1.43847713e-01  +0.00000000e+00
     5 1  -1.38777878e-16  +8.47189740e-02
     6 1  +8.27732646e-01  +0.00000000e+00
     7 1  +1.74968222e-01  +1.00000000e+00
     8 1  +0.00000000e+00  +9.58055359e-01
     9 1  +1.67467082e-01  +1.00000000e+00
    10 1  +1.00000000e+00  +1.66987197e-01
    11 1  +9.39392071e-01  -2.08166817e-16
    12 1  +0.00000000e+00  +1.46757233e-01
    13 1  +1.00000000e+00  +7.99495824e-01
    14 1  +5.29428248e-01  +1.00000000e+00
    15 1  +1.00000000e+00  +8.21541366e-02
    16 1  +4.08868620e-01  +1.00000000e+00
    17 1  -6.93889390e-17  +6.99671673e-01
    18 1  +1.00000000e+00  +4.98604530e-01
    19 1  +7.41680596e-02  +1.00000000e+00
    20 1  +0.00000000e+00  +6.75551985e-01
    21 1  +1.00000000e+00  +3.57290503e-01
    22 1  +0.00000000e+00  +5.16384982e-01
    23 1  +8.73407500e-01  +1.00000000e+00
    24 1  +4.93179746e-01  +0.00000000e+00
    25 1  +1.00000000e+00  +6.90916192e-01
    26 1  +3.35317097e-01  +1.00000000e+00
    27 1  +5.44272890e-01  -1.38777878e-16
    28 1  +1.86121383e-01  +0.00000000e+00
    29 1  +4.18428639e-01  +1.00000000e+00
    30 1  +7.61679214e-01  +1.00000000e+00
    31 1  +5.62097045e-01  +1.00000000e+00
    32 1  +0.00000000e+00  +3.36765666e-02
    33 1  +6.85766124e-04  -6.93889390e-18
    34 1  +1.00000000e+00  +3.91149619e-01
    35 1  +7.05664573e-01  +1.00000000e+00
    36 1  +0.00000000e+00  +5.06596848e-01
    37 1  +3.35134497e-01  +1.00000000e+00
    38 1  +0.00000000e+00  +7.52280733e-01
    39 1  +5.31395822e-01  -1.24900090e-16
    40 1  +1.00000000e+00  +8.31797922e-01
    41 1  +2.62937186e-01  -5.55111512e-17
    42 1  +1.00000000e+00  +8.79307436e-01
    43 1  -1.49186219e-16  +7.60913264e-01
    44 1  +4.57874296e-01  +1.00000000e+00
    45 1  +7.05055152e-01  -2.20309881e-16
    46 1  +9.97477959e-01  +0.00000000e+00
    47 1  +3.53257599e-01  +1.00000000e+00
    48 1  +0.00000000e+00  +6.95239923e-01
    49 1  +1.00000000e+00  +8.46613281e-01
    50 1  +0.00000000e+00  +2.80769640e-01
    51 1  +5.19166331e-01  -1.63064007e-16
    52 1  +8.10085672e-01  +1.00000000e+00
    53 1  +1.00000000e+00  +9.25401155e-01
    54 1  +1.00000000e+00  +9.44837437e-01
    55 1  +8.80999637e-01  +1.00000000e+00
    56 1  +8.48833312e-01  +1.00000000e+00
    57 1  -6.93889390e-18  +9.92024982e-01
    58 1  +6.78005189e-01  +1.00000000e+00
    59 1  +1.00000000e+00  +6.40405216e-01
    60 1  +1.28637637e-01  +0.00000000e+00
    61 1  +1.00000000e+00  +3.33114414e-01
    62 1  +6.98237149e-01  +0.00000000e+00
    63 1  +1.00000000e+00  +2.80363180e-02
    64 1  +6.61020844e-01  +1.00000000e+00
    65 1  +1.00000000e+00  +6.74857389e-01
    66 1  +1.00000000e+00  +2.10157706e-01
    67 1  +8.18041942e-01  -2.90566182e-16
    68 1  +6.51476136e-01  +1.00000000e+00
    69 1  +8.78096926e-01  -2.22044605e-16
    70 1  +6.38013076e-01  +1.00000000e+00
    71 1  +1.00000000e+00  +1.93739505e-01
    72 1  +0.00000000e+00  +9.99718624e-01
    73 1  +6.25766386e-01  -1.35308431e-16
    74 1  +5.01888342e-01  +1.00000000e+00
    75 1  +7.03199497e-02  -1.90819582e-17
    76 1  +1.34486877e-01  +0.00000000e+00
    77 1  +8.21669474e-01  +1.00000000e+00
    78 1  +1.00000000e+00  +2.63503064e-01
    79 1  +6.24090289e-01  +1.00000000e+00
    80 1  +8.48124968e-02  +0.00000000e+00
    81 1  +2.49800181e-16  +7.91073548e-03
    82 1  +7.39895942e-01  +1.00000000e+00
    83 1  -1.73472348e-16  +2.58997569e-01
    84 1  +8.15390838e-01  +0.00000000e+00
    85 1  -4.09394740e-16  +2.83849024e-01
    86 1  +1.00000000e+00  +6.75158350e-01
    87 1  +7.80960474e-01  -2.10768902e-16
    88 1  +1.00000000e+00  +8.15695978e-02
    89 1  +4.03014375e-01  -1.11022302e-16
    90 1  +1.00000000e+00  +6.88355778e-01
    91 1  +8.77206246e-01  +1.00000000e+00
    92 1  +8.52097311e-01  +0.00000000e+00
    93 1  -1.94289029e-16  +1.48880720e-01
    94 1  +0.00000000e+00  +6.64706300e-01
    95 1  +1.24904676e-01  +1.00000000e+00
    96 1  +0.00000000e+00  +7.44248957e-01
    97 1  +6.06524555e-01  +1.00000000e+00
    98 1  +0.00000000e+00  +8.16485944e-01
    99 1  +1.00000000e+00  +2.02342515e-01
   100 1  +2.90331982e-01  +0.00000000e+00
   101 1  +1.00000000e+00  +1.76070139e-01
   102 1  +5.40625529e-01  +1.00000000e+00
   103 1  +8.05567301e-01  +1.00000000e+00
   104 1  +5.63533759e-01  +0.00000000e+00
   105 1  +7.75298143e-01  +1.00000000e+00
   106 1  +3.02815732e-01  +0.00000000e+00
   107 1  +1.00000000e+00  +1.89863537e-02
   108 1  +4.25884912e-01  +0.00000000e+00
   109 1  +2.86474991e-01  +1.00000000e+00
   110 1  +0.00000000e+00  +6.65129480e-02
   111 1  -7.28583860e-17  +6.52301577e-01
   112 1  +0.00000000e+00  +6.90344509e-01
   113 1  +7.11131834e-01  +1.00000000e+00
   114 1  +7.58649652e-01  +0.00000000e+00
   115 1  -6.93889390e-17  +4.10449022e-01
   116 1  +5.58825458e-01  +1.00000000e+00
   117 1  +2.08166817e-16  +3.29343558e-01
   118 1  +5.42273603e-01  +1.00000000e+00
   119 1  +1.14683685e-01  -2.77555756e-17
   120 1  +1.00000000e+00  +9.29467640e-01
   121 1  +9.88408207e-01  +1.00000000e+00
   122 1  +1.00000000e+00  +3.16698125e-01
   123 1  -4.16333634e-17  +6.80435181e-01
   124 1  +1.00000000e+00  +3.42557460e-01
   125 1  +2.10326992e-01  -6.07153217e-17
   126 1  +1.00000000e+00  +6.54966343e-01
   127 1  +3.01960566e-01  -9.71445147e-17
   128 1  +0.00000000e+00  +4.73959415e-01
   129 1  +3.03904457e-02  +1.00000000e+00
   130 1  +0.00000000e+00  +5.63459913e-01
   131 1  +5.42282227e-01  -1.38777878e-16
   132 1  +5.81415479e-01  +0.00000000e+00
   133 1  +1.00000000e+00  +6.85226961e-02
   134 1  +5.65681279e-01  +1.00000000e+00
   135 1  +9.57356497e-01  +1.00000000e+00
   136 1  +0.00000000e+00  +7.54589259e-01
   137 1  +3.33588741e-01  +1.00000000e+00
   138 1  +0.00000000e+00  +3.46591969e-01
   139 1  +5.40854695e-01  +1.00000000e+00
   140 1  +0.00000000e+00  +9.28401191e-01
   141 1  +3.91525440e-01  +1.00000000e+00
   142 1  +7.49826451e-01  +0.00000000e+00
   143 1  -1.73472348e-17  +8.16859633e-01
   144 1  +1.00000000e+00  +7.61654720e-01
   145 1  -3.74700271e-16  +4.26327628e-01
   146 1  +1.00000000e+00  +8.00821697e-01
   147 1  +1.00000000e+00  +9.13795228e-01
   148 1  +1.00000000e+00  +7.81149289e-01
   149 1  +7.17732958e-01  +1.00000000e+00
   150 1  +8.70291837e-01  +0.00000000e+00
   151 1  +1.00000000e+00  +5.53879277e-01
   152 1  +0.00000000e+00  +1.25590689e-01
   153 1  +5.73142053e-02  -1.38777878e-17
   154 1  +0.00000000e+00  +1.46066048e-01
   155 1  +1.00000000e+00  +3.87963770e-01
   156 1  +7.79492185e-01  +0.00000000e+00
   157 1  +1.68268177e-16  +3.56507918e-01
   158 1  +0.00000000e+00  +7.27888486e-01
   159 1  +1.00000000e+00  +9.96586126e-01
   160 1  +4.96173036e-01  +1.00000000e+00
   161 1  -3.46944695e-16  +4.29803884e-01
   162 1  +1.86842692e-01  +1.00000000e+00
   163 1  +1.40567609e-01  -3.38271078e-17
   164 1  +0.00000000e+00  +6.03068920e-01
   165 1  +2.94556213e-01  +1.00000000e+00
   166 1  +7.08355326e-01  +1.00000000e+00
   167 1  +1.00000000e+00  +3.47798121e-01
   168 1  +5.28696438e-01  +1.00000000e+00
   169 1  +1.00000000e+00  +9.06409503e-01
   170 1  +0.00000000e+00  +2.54343101e-01
   171 1  +1.08606108e-01  -2.51534904e-17
   172 1  +2.32042057e-01  +1.00000000e+00
   173 1  +4.16333634e-17  +8.81558788e-01
   174 1  +0.00000000e+00  +1.98114884e-01
   175 1  -6.87384177e-17  +5.63151069e-01
   176 1  +1.00000000e+00  +9.54268338e-02
   177 1  -1.45716772e-16  +2.41278817e-01
   178 1  +1.72230856e-01  +1.00000000e+00
   179 1  -4.51028104e-17  +9.27175142e-01
   180 1  +0.00000000e+00  +1.87526398e-01
   181 1  +1.00000000e+00  +5.43168547e-01
   182 1  +0.00000000e+00  +6.73542911e-01
   183 1  +1.00000000e+00  +8.03488642e-01
   184 1  +0.00000000e+00  +9.04866018e-01
   185 1  +1.00000000e+00  +4.10793400e-01
   186 1  +3.12817241e-01  +1.00000000e+00
   187 1  -5.20417043e-17  +4.30221232e-01
   188 1  +0.00000000e+00  +8.02393429e-03
   189 1  +9.35071339e-01  +1.00000000e+00
   190 1  +7.55425892e-01  +1.00000000e+00
   191 1  +8.18203737e-01  -2.15105711e-16
   192 1  +0.00000000e+00  +8.32154249e-01
   193 1  -1.61329283e-16  +1.35945908e-01
   194 1  +4.74761818e-01  +1.00000000e+00
   195 1  +6.72063257e-01  +1.00000000e+00
   196 1  +1.00000000e+00  +4.27439099e-01
   197 1  +9.16359596e-01  -2.22044605e-16
   198 1  +4.21520033e-01  +1.00000000e+00
   199 1  -1.38777878e-17  +8.45283102e-01
*Segmentos 
100
     0     0     1   3.58017050e-01   3.54749060e-01   1.00921212e+00
     1     2     3   1.26698511e+00   1.20386251e+00   1.05243339e+00
     2     4     5   1.68511829e-01   1.66941514e-01   1.00940638e+00
     3     6     7   1.30502208e+00   1.19419487e+00   1.09280496e+00
     4     8     9   1.72986302e-01   1.72640020e-01   1.00200580e+00
     5    10    11   1.77656341e-01   1.77645842e-01   1.00005911e+00
     6    12    13   1.23501344e+00   1.19418075e+00   1.03419305e+00
     7    14    15   1.10992877e+00   1.03144501e+00   1.07609108e+00
     8    16    17   5.33553085e-01   5.07317113e-01   1.05171513e+00
     9    18    19   1.08020405e+00   1.05288280e+00   1.02594899e+00
    10    20    21   1.06661907e+00   1.04942383e+00   1.01638542e+00
    11    22    23   1.06314988e+00   9.98360730e-01   1.06489553e+00
    12    24    25   8.98292585e-01   8.56873359e-01   1.04833763e+00
    13    26    27   1.03285556e+00   1.02159802e+00   1.01101954e+00
    14    28    29   1.16420776e+00   1.02662878e+00   1.13401044e+00
    15    30    31   2.00430933e-01   1.99582169e-01   1.00425271e+00
    16    32    33   3.36835481e-02   3.36835481e-02   1.00000000e+00
    17    34    35   6.95177364e-01   6.76263359e-01   1.02796840e+00
    18    36    37   6.14401062e-01   5.96457711e-01   1.03008319e+00
    19    38    39   9.44417184e-01   9.21036276e-01   1.02538544e+00
    20    40    41   1.17051749e+00   1.11137274e+00   1.05321774e+00
    21    42    43   1.02874547e+00   1.00698420e+00   1.02161034e+00
    22    44    45   1.09959225e+00   1.03009629e+00   1.06746549e+00
    23    46    47   1.23670396e+00   1.18954608e+00   1.03964360e+00
    24    48    49   1.09852461e+00   1.01139206e+00   1.08615112e+00
    25    50    51   5.96207399e-01   5.90224763e-01   1.01013620e+00
    26    52    53   2.07163675e-01   2.04040290e-01   1.01530769e+00
    27    54    55   1.31178170e-01   1.31163999e-01   1.00010804e+00
    28    56    57   8.62720794e-01   8.48870775e-01   1.01631582e+00
    29    58    59   4.88312218e-01   4.82689410e-01   1.01164891e+00
    30    60    61   9.62439512e-01   9.32865253e-01   1.03170260e+00
    31    62    63   3.04095931e-01   3.03062458e-01   1.00341010e+00
    32    64    65   4.75349511e-01   4.69706915e-01   1.01201301e+00
    33    66    67   2.80250690e-01   2.77983806e-01   1.00815473e+00
    34    68    69   1.08121744e+00   1.02535700e+00   1.05447902e+00
    35    70    71   8.89659667e-01   8.83793256e-01   1.00663776e+00
    36    72    73   1.20349352e+00   1.17941549e+00   1.02041522e+00
    37    74    75   1.10804410e+00   1.08915163e+00   1.01734604e+00
    38    76    77   1.27768974e+00   1.21335070e+00   1.05302592e+00
    39    78    79   8.53659617e-01   8.26883212e-01   1.03238233e+00
    40    80    81   8.51806278e-02   8.51806278e-02   1.00000000e+00
    41    82    83   1.05706972e+00   1.04715357e+00   1.00946962e+00
    42    84    85   8.70811222e-01   8.63384322e-01   1.00860208e+00
    43    86    87   7.35343828e-01   7.09800754e-01   1.03598626e+00
    44    88    89   6.23213009e-01   6.02532519e-01   1.03432261e+00
    45    90    91   3.37663119e-01   3.34963322e-01   1.00805998e+00
    46    92    93   8.90885036e-01   8.65005952e-01   1.02991781e+00
    47    94    95   3.62208503e-01   3.57803079e-01   1.01231243e+00
    48    96    97   6.74472871e-01   6.58240558e-01   1.02466015e+00
    49    98    99   1.22333270e+00   1.17352978e+00   1.04243856e+00
    50   100   101   7.66022151e-01   7.31183554e-01   1.04764686e+00
    51   102   103   2.65364151e-01   2.64941772e-01   1.00159423e+00
    52   104   105   1.03351562e+00   1.02217619e+00   1.01109342e+00
    53   106   107   7.32771186e-01   6.97442746e-01   1.05065425e+00
    54   108   109   1.06459187e+00   1.00967080e+00   1.05439502e+00
    55   110   111   6.23035787e-01   5.85788629e-01   1.06358464e+00
    56   112   113   7.94117951e-01   7.75625559e-01   1.02384191e+00
    57   114   115   8.81730700e-01   8.62564603e-01   1.02221990e+00
    58   116   117   9.02819908e-01   8.72963891e-01   1.03420075e+00
    59   118   119   1.11600530e+00   1.08758132e+00   1.02613504e+00
    60   120   121   7.14785524e-02   7.14785524e-02   1.00000000e+00
    61   122   123   1.08380234e+00   1.06409804e+00   1.01851737e+00
    62   124   125   1.01373782e+00   8.60772370e-01   1.17770720e+00
    63   126   127   1.06109083e+00   9.57204242e-01   1.10853127e+00
    64   128   129   5.38007910e-01   5.26917713e-01   1.02104730e+00
    65   130   131   7.90538193e-01   7.82021156e-01   1.01089106e+00
    66   132   133   4.26031986e-01   4.24156057e-01   1.00442273e+00
    67   134   135   4.00433909e-01   3.91675218e-01   1.02236213e+00
    68   136   137   4.16450153e-01   4.14135098e-01   1.00559009e+00
    69   138   139   8.55296540e-01   8.48213332e-01   1.00835074e+00
    70   140   141   4.02430514e-01   3.98018290e-01   1.01108548e+00
    71   142   143   1.14828961e+00   1.10882793e+00   1.03558865e+00
    72   144   145   1.07772280e+00   1.05472473e+00   1.02180480e+00
    73   146   147   1.13873364e-01   1.12973531e-01   1.00796499e+00
    74   148   149   3.63798640e-01   3.57169871e-01   1.01855915e+00
    75   150   151   5.72359972e-01   5.68864185e-01   1.00614521e+00
    76   152   153   1.38051150e-01   1.38050495e-01   1.00000474e+00
    77   154   155   1.04950817e+00   1.02884134e+00   1.02008748e+00
    78   156   157   9.19610869e-01   8.57149907e-01   1.07287052e+00
    79   158   159   1.04103257e+00   1.03547015e+00   1.00537189e+00
    80   160   161   7.73805848e-01   7.55851369e-01   1.02375398e+00
    81   162   163   1.00444970e+00   1.00107012e+00   1.00337597e+00
    82   164   165   4.98067851e-01   4.94284984e-01   1.00765321e+00
    83   166   167   7.27436474e-01   7.14439575e-01   1.01819174e+00
    84   168   169   4.84677865e-01   4.80506221e-01   1.00868177e+00
    85   170   171   2.77298380e-01   2.76560481e-01   1.00266813e+00
    86   172   173   2.62136269e-01   2.60522239e-01   1.00619536e+00
    87   174   175   3.70502680e-01   3.65036185e-01   1.01497522e+00
    88   176   177   1.05700603e+00   1.01058043e+00   1.04593954e+00
    89   178   179   1.87847607e-01   1.86994459e-01   1.00456242e+00
    90   180   181   1.27817431e+00   1.06135825e+00   1.20428169e+00
    91   182   183   1.04666308e+00   1.00840760e+00   1.03793652e+00
    92   184   185   1.13835162e+00   1.11539578e+00   1.02058089e+00
    93   186   187   6.54295997e-01   6.50001901e-01   1.00660628e+00
    94   188   189   1.37387126e+00   1.36322226e+00   1.00781164e+00
    95   190   191   1.02877414e+00   1.00196859e+00   1.02675289e+00
    96   192   193   7.09608080e-01   6.96208341e-01   1.01924674e+00
    97   194   195   2.00604528e-01   1.97301439e-01   1.01674133e+00
    98   196   197   4.38849463e-01   4.35545521e-01   1.00758576e+00
    99   198   199   4.51094080e-01   4.49017212e-01   1.00462537e+00
