*Coordenadas 
200
     0 1  +0.00000000e+00  +9.98057418e-02
     1 1  +1.00000000e+00  +7.03834529e-01
     2 1  +0.00000000e+00  +6.05794164e-01
     3 1  +3.23809725e-01  +1.00000000e+00
     4 1  +1.00000000e+00  +3.75400957e-01
     5 1  +4.45935072e-01  -9.54097912e-17
     6 1  +0.00000000e+00  +9.81916629e-01
     7 1  -4.72712147e-17  +6.97850069e-01
     8 1  +6.71328805e-01  +0.00000000e+00
     9 1  +5.55111512e-17  +6.65976222e-01
    10 1  +4.11789474e-02  +1.00000000e+00
    11 1  -1.38777878e-17  +9.67791810e-01
    12 1  +0.00000000e+00  +9.90648545e-01
    13 1  +3.11087728e-01  -9.71445147e-17
    14 1  +1.00000000e+00  +3.38417475e-01
    15 1  -1.45716772e-16  +1.73953123e-01
    16 1  +0.00000000e+00  +6.88872980e-01
    17 1  -6.93889390e-17  +5.97495475e-01
    18 1  +0.00000000e+00  +9.38091801e-01
    19 1  +1.00000000e+00  +5.32333631e-01
    20 1  +0.00000000e+00  +7.91240139e-01
    21 1  +8.33444893e-01  -2.16840434e-16
    22 1  +1.08698545e-01  +1.00000000e+00
    23 1  +5.15522144e-01  +1.00000000e+00
    24 1  +9.54936577e-01  +1.00000000e+00
    25 1  +1.38777878e-17  +9.20469548e-01
    26 1  +8.14843987e-01  +0.00000000e+00
    27 1  +9.27967744e-01  -1.37043155e-16
    28 1  +3.18541097e-01  +0.00000000e+00
    29 1  -1.24900090e-16  +1.36736445e-01
    30 1  +1.00000000e+00  +2.27377512e-01
    31 1  +1.00000000e+00  +5.15808407e-01
    32 1  +3.25707145e-03  +1.00000000e+00
    33 1  -4.77048956e-18  +9.74245496e-01
    34 1  +7.61310573e-01  +0.00000000e+00
    35 1  +1.00000000e+00  +7.03781835e-02
    36 1  +1.00000000e+00  +2.67101646e-01
    37 1  +6.02231213e-01  -1.17961196e-16
    38 1  +0.00000000e+00  +2.59765408e-01
    39 1  +1.00000000e+00  +8.11432461e-01
    40 1  +1.00000000e+00  +1.47761412e-01
    41 1  +3.45668587e-01  +1.00000000e+00
    42 1  +3.84757863e-01  +0.00000000e+00
    43 1  +1.97615983e-01  +1.00000000e+00
    44 1  +1.00000000e+00  +2.31191571e-01
    45 1  +7.27857764e-01  +1.00000000e+00
    46 1  +4.05541358e-01  +0.00000000e+00
    47 1  -1.56125113e-17  +9.37358897e-01
    48 1  +0.00000000e+00  +3.05477659e-01
    49 1  +1.80533501e-01  +1.00000000e+00
    50 1  +1.63315785e-01  +0.00000000e+00
    51 1  -4.85722573e-17  +2.56922849e-01
    52 1  +0.00000000e+00  +3.48848620e-01
    53 1  +5.28676401e-01  +1.00000000e+00
    54 1  +1.00000000e+00  +2.81062075e-01
    55 1  +4.58499651e-01  +1.00000000e+00
    56 1  +9.29279775e-01  +0.00000000e+00
    57 1  +1.00000000e+00  +6.13691033e-01
    58 1  +9.47112094e-01  +1.00000000e+00
    59 1  +8.07693989e-01  -1.94289029e-16
    60 1  +1.00000000e+00  +3.59527802e-01
    61 1  +9.01519118e-01  -1.80411242e-16
    62 1  +1.40119134e-01  +0.00000000e+00
    63 1  +7.43849961e-02  -1.82145965e-17
    64 1  +4.19969682e-01  +1.00000000e+00
    65 1  -1.17961196e-16  +8.24063939e-01
    66 1  +1.00000000e+00  +6.16472070e-01
    67 1  +1.00000000e+00  +6.84578277e-01
    68 1  +8.55730099e-01  +0.00000000e+00
    69 1  -1.45716772e-16  +3.23379113e-01
    70 1  +7.92329039e-01  +1.00000000e+00
    71 1  +1.00000000e+00  +9.90324866e-02
    72 1  +9.55848997e-01  +1.00000000e+00
    73 1  -2.08166817e-17  +7.95569310e-01
    74 1  +2.00890976e-01  +0.00000000e+00
    75 1  +4.25172986e-01  -1.23165367e-16
    76 1  +1.00000000e+00  +8.34650031e-01
    77 1  +1.90819582e-17  +9.40403713e-01
    78 1  +4.29380932e-01  +1.00000000e+00
    79 1  +2.38573847e-01  +1.00000000e+00
    80 1  +0.00000000e+00  +3.61672907e-01
    81 1  +3.93110511e-01  -1.16226473e-16
    82 1  +1.00947100e-01  +1.00000000e+00
    83 1  -1.73472348e-17  +8.79483144e-01
    84 1  +1.00000000e+00  +3.84672858e-01
    85 1  +2.91349976e-01  -7.45931095e-17
    86 1  +0.00000000e+00  +6.30881280e-01
    87 1  +1.00000000e+00  +9.74599060e-01
    88 1  +0.00000000e+00  +8.54091545e-01
    89 1  +1.00000000e+00  +7.73445515e-01
    90 1  +6.34619326e-02  +0.00000000e+00
    91 1  -2.35488712e-16  +5.71371719e-01
    92 1  +1.00000000e+00  +2.08026444e-01
    93 1  +5.81626241e-01  -1.31838984e-16
    94 1  +0.00000000e+00  +2.27798267e-01
    95 1  -7.97972799e-17  +7.12126681e-01
    96 1  +0.00000000e+00  +7.78372806e-01
    97 1  -4.68375339e-17  +6.91245838e-01
    98 1  +0.00000000e+00  +6.67074236e-01
    99 1  +1.00000000e+00  +6.47665028e-01
   100 1  +4.77676148e-01  +0.00000000e+00
   101 1  +8.48755858e-01  -2.28116137e-16
   102 1  +2.89089647e-01  +1.00000000e+00
   103 1  +1.73472348e-17  +9.42852313e-01
   104 1  +1.01787422e-02  +0.00000000e+00
   105 1  +7.39919074e-01  +1.00000000e+00
   106 1  +1.00000000e+00  +3.34894585e-01
   107 1  +8.30449067e-01  -2.49800181e-16
   108 1  +4.81330930e-01  +1.00000000e+00
   109 1  +4.13429476e-01  +1.00000000e+00
   110 1  +1.00000000e+00  +1.19494489e-01
   111 1  +8.02470049e-01  -1.48318857e-16
   112 1  +0.00000000e+00  +4.62061579e-01
   113 1  +1.00000000e+00  +5.12937032e-01
   114 1  +1.00000000e+00  +3.79556758e-01
   115 1  +1.00000000e+00  +7.93987179e-01
   116 1  +1.00000000e+00  +2.67556488e-03
   117 1  +4.99643404e-01  +1.00000000e+00
   118 1  +2.38007114e-01  +0.00000000e+00
   119 1  -1.24900090e-16  +3.27725248e-01
   120 1  +1.00000000e+00  +2.22005018e-01
   121 1  +8.23134765e-01  -1.92554306e-16
   122 1  +6.11924914e-01  +1.00000000e+00
   123 1  +1.00000000e+00  +7.72573375e-01
   124 1  +1.00000000e+00  +6.15360883e-01
   125 1  +1.00000000e+00  +7.32203274e-01
   126 1  +6.78291966e-01  +0.00000000e+00
   127 1  +1.00000000e+00  +1.24277064e-01
   128 1  +8.07103913e-02  +0.00000000e+00
   129 1  -6.17561557e-16  +3.45628286e-02
   130 1  +1.00000000e+00  +9.10145215e-01
   131 1  +1.91670668e-01  +1.00000000e+00
   132 1  +1.64213011e-01  +0.00000000e+00
   133 1  +2.08166817e-16  +2.64081160e-01
   134 1  +0.00000000e+00  +9.92611193e-01
   135 1  +1.89457238e-02  +1.00000000e+00
   136 1  +0.00000000e+00  +8.97562296e-01
   137 1  +3.57365117e-02  +1.00000000e+00
   138 1  +3.09674281e-01  +0.00000000e+00
   139 1  +9.26886289e-01  -6.41847686e-17
   140 1  +9.16088818e-02  +1.00000000e+00
   141 1  +1.00000000e+00  +6.79300089e-01
   142 1  +0.00000000e+00  +2.65614838e-01
   143 1  +9.72719001e-01  -2.44596010e-16
   144 1  +0.00000000e+00  +1.97548388e-01
   145 1  +8.53671454e-02  -2.08166817e-17
   146 1  +0.00000000e+00  +3.77887159e-01
   147 1  -1.57426155e-16  +2.56739846e-01
   148 1  +9.46052810e-01  +0.00000000e+00
   149 1  +8.23580731e-01  -1.70219741e-16
   150 1  +1.00000000e+00  +4.80337017e-01
   151 1  +1.56428306e-01  +1.00000000e+00
   152 1  +1.00000000e+00  +7.13453273e-01
   153 1  +8.44574232e-01  +1.00000000e+00
   154 1  +0.00000000e+00  +9.20475611e-01
   155 1  +6.32743615e-02  +1.00000000e+00
   156 1  +0.00000000e+00  +9.04389720e-01
   157 1  +4.13059771e-01  +1.00000000e+00
   158 1  +0.00000000e+00  +5.07996319e-02
   159 1  +8.45221566e-01  -1.63064007e-16
   160 1  +1.00000000e+00  +7.70837624e-01
   161 1  +9.34410775e-01  +1.00000000e+00
   162 1  +5.27671321e-01  +1.00000000e+00
   163 1  +4.23669677e-01  +1.00000000e+00
   164 1  +0.00000000e+00  +7.39082438e-01
   165 1  +2.43782358e-01  -6.59194921e-17
   166 1  +0.00000000e+00  +5.08460512e-01
   167 1  +3.77395289e-01  +1.00000000e+00
   168 1  +1.00000000e+00  +5.85390905e-01
   169 1  +1.00000000e+00  +7.78697882e-01
   170 1  +1.00000000e+00  +3.50802062e-01
   171 1  +2.83210283e-02  +1.00000000e+00
   172 1  +3.70694963e-01  +0.00000000e+00
   173 1  +1.00000000e+00  +4.64928379e-01
   174 1  +6.69413086e-01  +0.00000000e+00
   175 1  +1.00000000e+00  +3.01965531e-01
   176 1  +0.00000000e+00  +4.14584931e-01
   177 1  +3.38128852e-01  -8.19656842e-17
   178 1  +4.21437500e-01  +0.00000000e+00
   179 1  +1.87530772e-01  +1.00000000e+00
   180 1  +5.68999173e-01  +0.00000000e+00
   181 1  +1.00000000e+00  +4.35779800e-01
   182 1  +3.61278849e-01  +1.00000000e+00
   183 1  +1.00000000e+00  +1.17604513e-01
   184 1  +0.00000000e+00  +9.20827680e-01
   185 1  +8.02071223e-02  +1.00000000e+00
   186 1  +1.00000000e+00  +6.00024905e-01
   187 1  +7.11079583e-02  -1.38777878e-17
   188 1  +0.00000000e+00  +4.47879815e-01
   189 1  +3.81212831e-01  -1.03216047e-16
   190 1  +1.00000000e+00  +2.12847285e-02
   191 1  +9.76198107e-01  -2.67147415e-16
   192 1  +1.00000000e+00  +2.05836617e-02
   193 1  +5.10498049e-01  -1.17961196e-16
   194 1  +0.00000000e+00  +8.16210867e-01
   195 1  +1.00000000e+00  +1.80365669e-01
   196 1  +1.77162795e-01  +1.00000000e+00
   197 1  +3.94953983e-01  +1.00000000e+00
   198 1  +1.00000000e+00  +3.16985740e-01
   199 1  +1.76893124e-01  +1.00000000e+00
*Segmentos 
100
     0     0     1   1.34143546e+00   1.16826828e+00   1.14822552e+00
     1     2     3   5.28677559e-01   5.10147997e-01   1.03632193e+00
     2     4     5   6.80299298e-01   6.69263643e-01   1.01648925e+00
     3     6     7   2.88153079e-01   2.84066560e-01   1.01438578e+00
     4     8     9   9.91898395e-01   9.45625028e-01   1.04893416e+00
     5    10    11   5.22788030e-02   5.22788030e-02   1.00000000e+00
     6    12    13   1.06874666e+00   1.03834489e+00   1.02927907e+00
     7    14    15   1.10555347e+00   1.01343403e+00   1.09089831e+00
     8    16    17   9.38986072e-02   9.13775048e-02   1.02758997e+00
     9    18    19   1.18019123e+00   1.07918474e+00   1.09359518e+00
    10    20    21   1.57098803e+00   1.14921336e+00   1.36701163e+00
    11    22    23   4.58752026e-01   4.06823599e-01   1.12764360e+00
    12    24    25   1.47611742e+00   9.58242641e-01   1.54044221e+00
    13    26    27   1.14842859e-01   1.13123757e-01   1.01519665e+00
    14    28    29   3.50860764e-01   3.46648649e-01   1.01215096e+00
    15    30    31   3.02959417e-01   2.88430896e-01   1.05037089e+00
    16    32    33   2.59596415e-02   2.59596415e-02   1.00000000e+00
    17    34    35   2.55972933e-01   2.48848812e-01   1.02862831e+00
    18    36    37   4.86564881e-01   4.79127642e-01   1.01552246e+00
    19    38    39   1.29462058e+00   1.14207554e+00   1.13356826e+00
    20    40    41   1.21388267e+00   1.07445810e+00   1.12976269e+00
    21    42    43   1.07739465e+00   1.01736035e+00   1.05900987e+00
    22    44    45   8.40421293e-01   8.15553675e-01   1.03049170e+00
    23    46    47   1.13400614e+00   1.02132536e+00   1.11032800e+00
    24    48    49   7.40733516e-01   7.17602695e-01   1.03223346e+00
    25    50    51   3.06071650e-01   3.04436193e-01   1.00537208e+00
    26    52    53   8.73752254e-01   8.38747194e-01   1.04173494e+00
    27    54    55   1.02038854e+00   9.00052425e-01   1.13369900e+00
    28    56    57   6.89030750e-01   6.17752405e-01   1.11538336e+00
    29    58    59   1.05512852e+00   1.00967193e+00   1.04502115e+00
    30    60    61   3.81009849e-01   3.72771679e-01   1.02209977e+00
    31    62    63   6.67454756e-02   6.57341378e-02   1.01538527e+00
    32    64    65   4.82311581e-01   4.55332880e-01   1.05925050e+00
    33    66    67   6.93868964e-02   6.81062077e-02   1.01880429e+00
    34    68    69   9.77961361e-01   9.14793995e-01   1.06905092e+00
    35    70    71   1.09426190e+00   9.24591633e-01   1.18350833e+00
    36    72    73   9.89107645e-01   9.77465709e-01   1.01191033e+00
    37    74    75   2.29081076e-01   2.24282011e-01   1.02139746e+00
    38    76    77   1.05766480e+00   1.00557637e+00   1.05179958e+00
    39    78    79   2.16895534e-01   1.90807085e-01   1.13672684e+00
    40    80    81   5.65074777e-01   5.34175220e-01   1.05784536e+00
    41    82    83   1.61946045e-01   1.57208872e-01   1.03013299e+00
    42    84    85   9.54861305e-01   8.06323796e-01   1.18421571e+00
    43    86    87   1.31038737e+00   1.05742230e+00   1.23922805e+00
    44    88    89   1.06062921e+00   1.00324662e+00   1.05719690e+00
    45    90    91   6.13150745e-01   5.74885256e-01   1.06656196e+00
    46    92    93   5.50574377e-01   4.67238273e-01   1.17835890e+00
    47    94    95   5.11090919e-01   4.84328414e-01   1.05525694e+00
    48    96    97   8.84744546e-02   8.71269683e-02   1.01546578e+00
    49    98    99   1.32781922e+00   1.00018834e+00   1.32756918e+00
    50   100   101   3.92635608e-01   3.71079710e-01   1.05808967e+00
    51   102   103   3.09796452e-01   2.94684038e-01   1.05128345e+00
    52   104   105   1.30848502e+00   1.23795030e+00   1.05697702e+00
    53   106   107   4.14197934e-01   3.75369021e-01   1.10344197e+00
    54   108   109   6.80429186e-02   6.79014542e-02   1.00208338e+00
    55   110   111   2.31915587e-01   2.30861462e-01   1.00456605e+00
    56   112   113   1.15992905e+00   1.00129332e+00   1.15843083e+00
    57   114   115   5.21489035e-01   4.14430421e-01   1.25832711e+00
    58   116   117   1.19143006e+00   1.11580139e+00   1.06777969e+00
    59   118   119   4.41143697e-01   4.05032375e-01   1.08915663e+00
    60   120   121   2.91868747e-01   2.83844216e-01   1.02827090e+00
    61   122   123   4.88700868e-01   4.49805672e-01   1.08647111e+00
    62   124   125   1.20395975e-01   1.16842390e-01   1.03041349e+00
    63   126   127   3.54813792e-01   3.44878018e-01   1.02880953e+00
    64   128   129   8.96993298e-02   8.77995238e-02   1.02163800e+00
    65   130   131   1.28340207e+00   8.13308177e-01   1.57800217e+00
    66   132   133   3.19570003e-01   3.10973909e-01   1.02764249e+00
    67   134   135   2.03355579e-02   2.03355579e-02   1.00000000e+00
    68   136   137   1.09935519e-01   1.08492311e-01   1.01330240e+00
    69   138   139   6.69315774e-01   6.17212008e-01   1.08441794e+00
    70   140   141   1.14686693e+00   9.63339430e-01   1.19051177e+00
    71   142   143   1.12109961e+00   1.00833204e+00   1.11183576e+00
    72   144   145   2.28166836e-01   2.15204356e-01   1.06023335e+00
    73   146   147   1.21777770e-01   1.21147314e-01   1.00520405e+00
    74   148   149   1.24140710e-01   1.22472079e-01   1.01362458e+00
    75   150   151   1.05001515e+00   9.90788988e-01   1.05977677e+00
    76   152   153   3.40180210e-01   3.25984963e-01   1.04354571e+00
    77   154   155   1.02049283e-01   1.01625652e-01   1.00416854e+00
    78   156   157   4.37331822e-01   4.23980778e-01   1.03148974e+00
    79   158   159   8.61397786e-01   8.46746773e-01   1.01730271e+00
    80   160   161   2.42214952e-01   2.38363883e-01   1.01615626e+00
    81   162   163   1.06969575e-01   1.04001644e-01   1.02853735e+00
    82   164   165   8.00008593e-01   7.78249759e-01   1.02795868e+00
    83   166   167   6.92111080e-01   6.19708215e-01   1.11683380e+00
    84   168   169   2.02125824e-01   1.93306977e-01   1.04562095e+00
    85   170   171   1.28605391e+00   1.16859659e+00   1.10051144e+00
    86   172   173   8.42635941e-01   7.82421387e-01   1.07695924e+00
    87   174   175   7.77219300e-01   4.47739756e-01   1.73587288e+00
    88   176   177   5.58366307e-01   5.34987650e-01   1.04369943e+00
    89   178   179   1.04992491e+00   1.02699190e+00   1.02233028e+00
    90   180   181   6.43794186e-01   6.12915775e-01   1.05037953e+00
    91   182   183   1.26473518e+00   1.08930551e+00   1.16104726e+00
    92   184   185   1.13452680e-01   1.12700660e-01   1.00667272e+00
    93   186   187   1.21614051e+00   1.10583467e+00   1.09974895e+00
    94   188   189   6.15660502e-01   5.88149259e-01   1.04677595e+00
    95   190   191   3.19307031e-02   3.19307031e-02   1.00000000e+00
    96   192   193   5.22142215e-01   4.89934533e-01   1.06573875e+00
    97   194   195   1.23453731e+00   1.18503127e+00   1.04177615e+00
    98   196   197   2.22492167e-01   2.17791188e-01   1.02158480e+00
    99   198   199   1.18343344e+00   1.06958563e+00   1.10644105e+00
