*Coordenadas 
200
     0 1  +1.00000000e+00  +7.67343496e-01
     1 1  -5.03069808e-17  +7.58668048e-01
     2 1  +1.00000000e+00  +8.76227609e-02
     3 1  +3.59774512e-01  +1.00000000e+00
     4 1  +8.19433394e-01  +0.00000000e+00
     5 1  +9.06655979e-01  +1.00000000e+00
     6 1  +3.78598430e-01  +0.00000000e+00
     7 1  +1.73425072e-01  -4.59701721e-17
     8 1  +0.00000000e+00  +5.95708930e-01
     9 1  +3.27317878e-01  +1.00000000e+00
    10 1  +1.00000000e+00  +3.72257486e-01
    11 1  +8.81547356e-01  -2.08166817e-16
    12 1  +3.27605362e-01  +0.00000000e+00
    13 1  -2.08166817e-17  +8.91271943e-01
    14 1  +2.47366072e-01  +0.00000000e+00
    15 1  +1.33583380e-01  +1.00000000e+00
    16 1  +1.00000000e+00  +4.98423225e-01
    17 1  +7.38324722e-01  -1.94289029e-16
    18 1  +1.00000000e+00  +1.25609147e-01
    19 1  +8.24245238e-01  -1.91686944e-16
    20 1  +9.49264336e-01  +1.00000000e+00
    21 1  +1.00000000e+00  +9.55983119e-01
    22 1  +6.35267684e-03  +0.00000000e+00
    23 1  -1.85615412e-16  +2.21772226e-04
    24 1  +7.81175182e-01  +0.00000000e+00
    25 1  +5.45532663e-03  +1.00000000e+00
    26 1  +6.64311239e-01  +0.00000000e+00
    27 1  +2.63755078e-01  +1.00000000e+00
    28 1  +3.96349875e-01  +0.00000000e+00
    29 1  -6.93889390e-17  +3.96316249e-01
    30 1  +3.75466797e-01  +1.00000000e+00
    31 1  +1.00000000e+00  +1.56248453e-01
    32 1  +4.29596653e-01  +1.00000000e+00
    33 1  -1.24900090e-16  +8.01667848e-01
    34 1  +1.00000000e+00  +3.47226395e-01
    35 1  +8.01883858e-01  -1.23707468e-16
    36 1  +6.06128172e-01  +1.00000000e+00
    37 1  +1.00000000e+00  +7.11634869e-01
    38 1  +3.18794301e-01  +1.00000000e+00
    39 1  +5.37764278e-17  +7.51514479e-01
    40 1  +6.07203201e-01  +1.00000000e+00
    41 1  +3.20377736e-01  -6.24500451e-17
    42 1  +1.00000000e+00  +4.64455199e-02
    43 1  -6.93889390e-18  +9.05659225e-01
    44 1  +1.00000000e+00  +2.64664621e-01
    45 1  +9.89989969e-01  -2.49800181e-16
    46 1  +1.00000000e+00  +9.12031397e-01
    47 1  +9.66069228e-01  +1.00000000e+00
    48 1  +0.00000000e+00  +6.19748610e-01
    49 1  +1.83788189e-01  +1.00000000e+00
    50 1  +2.11073187e-01  +0.00000000e+00
    51 1  +1.00000000e+00  +8.32401894e-01
    52 1  +7.91790927e-01  +1.00000000e+00
    53 1  +2.08166817e-16  +6.94479506e-02
    54 1  +1.64381714e-02  +1.00000000e+00
    55 1  +1.00000000e+00  +1.76976811e-01
    56 1  +5.53610997e-01  +1.00000000e+00
    57 1  +3.99867858e-01  -9.54097912e-17
    58 1  +8.39461343e-01  +0.00000000e+00
    59 1  +1.00000000e+00  +2.88324132e-01
    60 1  +0.00000000e+00  +4.48557824e-01
    61 1  -1.30104261e-16  +2.98573457e-01
    62 1  +3.81936985e-01  +1.00000000e+00
    63 1  +2.29294461e-01  -6.24500451e-17
    64 1  +5.43062952e-01  +0.00000000e+00
    65 1  -4.27609337e-16  +2.67264760e-01
    66 1  +1.00000000e+00  +7.26140511e-01
    67 1  +3.02798361e-01  +1.00000000e+00
    68 1  +4.65228877e-01  +0.00000000e+00
    69 1  +6.34575093e-01  +1.00000000e+00
    70 1  +3.69408730e-01  +0.00000000e+00
    71 1  +2.31205860e-01  +1.00000000e+00
    72 1  +4.21750731e-01  +1.00000000e+00
    73 1  +1.00000000e+00  +3.02049120e-01
    74 1  +5.11501906e-01  +0.00000000e+00
    75 1  -9.71445147e-17  +8.32038889e-01
    76 1  +9.06889144e-01  +0.00000000e+00
    77 1  +6.62768287e-01  -1.62196645e-16
    78 1  +1.00000000e+00  +6.28985530e-01
    79 1  -7.11236625e-17  +6.02370430e-01
    80 1  +9.31078075e-01  +0.00000000e+00
    81 1  +1.00000000e+00  +4.47782435e-02
    82 1  +0.00000000e+00  +6.21539091e-01
    83 1  +7.17732584e-02  -1.38777878e-17
    84 1  +2.68001332e-01  +1.00000000e+00
    85 1  +4.88426865e-01  -1.31838984e-16
    86 1  +6.59685585e-01  +0.00000000e+00
    87 1  -4.68375339e-16  +2.84163531e-01
    88 1  +1.00000000e+00  +4.87701328e-02
    89 1  +9.97408217e-01  -2.56739074e-16
    90 1  +6.79823819e-01  +1.00000000e+00
    91 1  -9.02056208e-17  +5.25575105e-01
    92 1  +6.90054818e-02  +0.00000000e+00
    93 1  -8.67361738e-17  +1.22684543e-01
    94 1  +4.44627725e-01  +0.00000000e+00
    95 1  -1.17961196e-16  +3.78672730e-01
    96 1  +7.33657128e-01  +1.00000000e+00
    97 1  +1.66533454e-16  +2.50961071e-01
    98 1  +0.00000000e+00  +8.08602681e-01
    99 1  +3.99747107e-01  -9.88792381e-17
   100 1  +9.89033511e-01  +1.00000000e+00
   101 1  +7.13296991e-01  +1.00000000e+00
   102 1  +7.33922660e-01  +0.00000000e+00
   103 1  +1.00000000e+00  +6.79679180e-01
   104 1  +8.92520122e-01  +1.00000000e+00
   105 1  +1.00000000e+00  +2.12866905e-01
   106 1  +6.28270459e-01  +1.00000000e+00
   107 1  -3.19189120e-16  +3.96929888e-01
   108 1  +1.34755420e-01  +0.00000000e+00
   109 1  +6.36194743e-01  +1.00000000e+00
   110 1  +1.53728276e-01  +0.00000000e+00
   111 1  +1.00000000e+00  +6.38462598e-01
   112 1  +5.83766853e-01  +1.00000000e+00
   113 1  +1.00000000e+00  +8.02432349e-01
   114 1  +9.91329140e-01  +1.00000000e+00
   115 1  -1.45716772e-16  +2.39539431e-01
   116 1  +4.14692892e-01  +1.00000000e+00
   117 1  +1.00000000e+00  +6.38138566e-01
   118 1  +7.09629504e-01  +0.00000000e+00
   119 1  +5.30528257e-01  -1.30971622e-16
   120 1  +0.00000000e+00  +5.67521726e-01
   121 1  +1.00000000e+00  +2.94585136e-01
   122 1  +0.00000000e+00  +6.28684127e-01
   123 1  +2.76593455e-01  -8.32667268e-17
   124 1  +1.00000000e+00  +3.01682031e-01
   125 1  +9.39762527e-01  -1.78676518e-16
   126 1  +0.00000000e+00  +1.89822244e-01
   127 1  +1.00000000e+00  +1.41415417e-01
   128 1  +2.34138818e-01  +0.00000000e+00
   129 1  -2.08166817e-17  +5.21084330e-01
   130 1  +6.20925204e-01  +1.00000000e+00
   131 1  +1.00000000e+00  +6.86199771e-01
   132 1  +2.27418785e-02  +0.00000000e+00
   133 1  -1.14491749e-16  +2.91543250e-02
   134 1  +1.00000000e+00  +2.59230861e-01
   135 1  +2.11907870e-01  -4.85722573e-17
   136 1  +1.00000000e+00  +1.47946550e-01
   137 1  +2.49800181e-16  +3.28976129e-03
   138 1  +1.00000000e+00  +8.21742486e-01
   139 1  -8.32667268e-17  +4.45293469e-01
   140 1  +1.00000000e+00  +5.45451665e-01
   141 1  +4.94632033e-01  +1.00000000e+00
   142 1  +9.45346788e-01  +0.00000000e+00
   143 1  -1.38777878e-17  +9.06513662e-01
   144 1  +0.00000000e+00  +3.40061503e-01
   145 1  +3.02334187e-01  +1.00000000e+00
   146 1  +6.99160231e-01  +1.00000000e+00
   147 1  +1.00000000e+00  +9.14471910e-01
   148 1  +1.00000000e+00  +4.53599953e-01
   149 1  +4.77382734e-01  +1.00000000e+00
   150 1  +1.00000000e+00  +9.41509982e-01
   151 1  +8.35273544e-01  +1.00000000e+00
   152 1  +8.53952601e-01  +1.00000000e+00
   153 1  +1.00000000e+00  +7.21033582e-01
   154 1  +1.00000000e+00  +5.92109921e-01
   155 1  -1.21430643e-16  +4.48998160e-01
   156 1  +6.77918792e-01  +1.00000000e+00
   157 1  +1.00000000e+00  +6.57331727e-01
   158 1  +1.00000000e+00  +2.93850227e-01
   159 1  +1.06560901e-01  -2.08166817e-17
   160 1  +0.00000000e+00  +6.07407129e-02
   161 1  +3.37188295e-02  -6.93889390e-18
   162 1  +4.58258751e-01  +0.00000000e+00
   163 1  +3.37832905e-01  +1.00000000e+00
   164 1  +1.00000000e+00  +3.17470035e-01
   165 1  +1.00000000e+00  +9.89419699e-01
   166 1  +7.65679343e-02  +1.00000000e+00
   167 1  -4.85722573e-17  +5.79811742e-02
   168 1  +3.26210161e-01  +1.00000000e+00
   169 1  -7.80625564e-17  +6.18148978e-01
   170 1  +0.00000000e+00  +6.18184727e-01
   171 1  +1.45297213e-01  -3.46944695e-17
   172 1  +2.86511383e-01  +1.00000000e+00
   173 1  -1.83880688e-16  +1.65235920e-01
   174 1  +1.00000000e+00  +9.81928463e-01
   175 1  +8.61796677e-01  +1.00000000e+00
   176 1  +9.26461092e-01  +0.00000000e+00
   177 1  +9.28065664e-01  +1.00000000e+00
   178 1  +0.00000000e+00  +4.63081596e-02
   179 1  +4.16342501e-02  -6.93889390e-18
   180 1  +0.00000000e+00  +5.76809894e-01
   181 1  +6.43138626e-01  -1.52655666e-16
   182 1  +0.00000000e+00  +7.43890073e-01
   183 1  +2.76233200e-02  +1.00000000e+00
   184 1  +1.00000000e+00  +7.90452432e-01
   185 1  +5.60271031e-01  +1.00000000e+00
   186 1  +2.55426724e-01  +0.00000000e+00
   187 1  +2.98236061e-01  +1.00000000e+00
   188 1  +3.84535529e-01  +1.00000000e+00
   189 1  +1.00000000e+00  +8.84214650e-01
   190 1  +1.00000000e+00  +6.16155959e-01
   191 1  +4.15297897e-01  -1.17961196e-16
   192 1  +0.00000000e+00  +5.88753134e-01
   193 1  +1.00000000e+00  +8.50833652e-01
   194 1  +7.08916446e-01  +0.00000000e+00
   195 1  +8.49927787e-01  +1.00000000e+00
   196 1  +6.83680075e-01  +0.00000000e+00
   197 1  -4.16333634e-17  +6.66855247e-01
   198 1  +3.01538315e-01  +0.00000000e+00
   199 1  +1.00000000e+00  +4.49476655e-01
*Segmentos 
100
     0     0     1   1.00863263e+00   1.00003763e+00   1.00859467e+00
     1     2     3   1.14171760e+00   1.11459450e+00   1.02433450e+00
     2     4     5   1.04053387e+00   1.00379668e+00   1.03659823e+00
     3     6     7   2.05470153e-01   2.05173357e-01   1.00144656e+00
     4     8     9   5.23862927e-01   5.20180990e-01   1.00707818e+00
     5    10    11   3.94968958e-01   3.90649030e-01   1.01105833e+00
     6    12    13   1.04891011e+00   9.49574088e-01   1.10461113e+00
     7    14    15   1.03309425e+00   1.00645243e+00   1.02647101e+00
     8    16    17   5.87565491e-01   5.62938418e-01   1.04374737e+00
     9    18    19   2.16890092e-01   2.16026374e-01   1.00399821e+00
    10    20    21   6.71683957e-02   6.71683957e-02   1.00000000e+00
    11    22    23   6.35654670e-03   6.35654670e-03   1.00000000e+00
    12    24    25   1.29264174e+00   1.26559918e+00   1.02136739e+00
    13    26    27   1.10509534e+00   1.07723964e+00   1.02585841e+00
    14    28    29   5.80011637e-01   5.60499592e-01   1.03481188e+00
    15    30    31   1.06779070e+00   1.04974206e+00   1.01719340e+00
    16    32    33   4.75097537e-01   4.73169026e-01   1.00407573e+00
    17    34    35   4.00969753e-01   3.99770153e-01   1.00300072e+00
    18    36    37   5.03992333e-01   4.88149020e-01   1.03245589e+00
    19    38    39   4.09828810e-01   4.04196561e-01   1.01393443e+00
    20    40    41   1.04861850e+00   1.04032151e+00   1.00797541e+00
    21    42    43   1.34252457e+00   1.31842641e+00   1.01827797e+00
    22    44    45   2.65102286e-01   2.64853851e-01   1.00093801e+00
    23    46    47   9.42855896e-02   9.42855896e-02   1.00000000e+00
    24    48    49   4.26124145e-01   4.22337800e-01   1.00896520e+00
    25    50    51   1.16486667e+00   1.14686461e+00   1.01569676e+00
    26    52    53   1.25508917e+00   1.22182650e+00   1.02722373e+00
    27    54    55   1.35852784e+00   1.28248237e+00   1.05929552e+00
    28    56    57   1.01461673e+00   1.01174945e+00   1.00283398e+00
    29    58    59   3.34979888e-01   3.30005251e-01   1.01507442e+00
    30    60    61   1.50225173e-01   1.49984367e-01   1.00160554e+00
    31    62    63   1.02101763e+00   1.01158279e+00   1.00932681e+00
    32    64    65   6.07553678e-01   6.05266736e-01   1.00377840e+00
    33    66    67   7.52792991e-01   7.49058840e-01   1.00498512e+00
    34    68    69   1.12169171e+00   1.01423771e+00   1.10594557e+00
    35    70    71   1.03427467e+00   1.00950485e+00   1.02453661e+00
    36    72    73   9.67792715e-01   9.06370591e-01   1.06776712e+00
    37    74    75   1.09495085e+00   9.76689773e-01   1.12108356e+00
    38    76    77   2.44452069e-01   2.44120857e-01   1.00135676e+00
    39    78    79   1.01103564e+00   1.00035412e+00   1.01067774e+00
    40    80    81   8.21907711e-02   8.21907711e-02   1.00000000e+00
    41    82    83   6.34913914e-01   6.25669436e-01   1.01477534e+00
    42    84    85   1.03438217e+00   1.02400557e+00   1.01013334e+00
    43    86    87   7.22156990e-01   7.18285447e-01   1.00538998e+00
    44    88    89   4.88389516e-02   4.88389516e-02   1.00000000e+00
    45    90    91   8.42092199e-01   8.28999039e-01   1.01579394e+00
    46    92    93   1.40761474e-01   1.40759560e-01   1.00001360e+00
    47    94    95   5.92637018e-01   5.84026412e-01   1.01474352e+00
    48    96    97   1.16523153e+00   1.04848085e+00   1.11135223e+00
    49    98    99   9.16152877e-01   9.02017763e-01   1.01567055e+00
    50   100   101   2.77462172e-01   2.75736519e-01   1.00625834e+00
    51   102   103   7.46533654e-01   7.29904746e-01   1.02278230e+00
    52   104   105   8.08505231e-01   7.94437181e-01   1.01770820e+00
    53   106   107   8.90202573e-01   8.70871592e-01   1.02219728e+00
    54   108   109   1.14294153e+00   1.11867841e+00   1.02168909e+00
    55   110   111   1.07765374e+00   1.06009920e+00   1.01655934e+00
    56   112   113   4.63480796e-01   4.60741803e-01   1.00594475e+00
    57   114   115   1.31057141e+00   1.24941336e+00   1.04894941e+00
    58   116   117   6.93207108e-01   6.88133786e-01   1.00737258e+00
    59   118   119   1.79683844e-01   1.79101246e-01   1.00325290e+00
    60   120   121   1.05025813e+00   1.03657821e+00   1.01319719e+00
    61   122   123   6.95136268e-01   6.86838897e-01   1.01208052e+00
    62   124   125   3.10863445e-01   3.07637125e-01   1.01048742e+00
    63   126   127   1.01518611e+00   1.00117092e+00   1.01399880e+00
    64   128   129   5.83174897e-01   5.71270396e-01   1.02083865e+00
    65   130   131   4.95566568e-01   4.92105969e-01   1.00703222e+00
    66   132   133   3.69752310e-02   3.69752310e-02   1.00000000e+00
    67   134   135   8.52558838e-01   8.29632355e-01   1.02763451e+00
    68   136   137   1.04305087e+00   1.01040862e+00   1.03230598e+00
    69   138   139   1.09975892e+00   1.06851011e+00   1.02924521e+00
    70   140   141   6.87110737e-01   6.79713889e-01   1.01088230e+00
    71   142   143   1.38024856e+00   1.30975096e+00   1.05382520e+00
    72   144   145   7.93550113e-01   7.25895847e-01   1.09320107e+00
    73   146   147   3.14212792e-01   3.12761284e-01   1.00464095e+00
    74   148   149   7.66249680e-01   7.56096434e-01   1.01342851e+00
    75   150   151   1.74869293e-01   1.74802424e-01   1.00038254e+00
    76   152   153   3.15502760e-01   3.14884272e-01   1.00196417e+00
    77   154   155   1.11072240e+00   1.01018858e+00   1.09951985e+00
    78   156   157   4.74172331e-01   4.70274228e-01   1.00828900e+00
    79   158   159   9.81354320e-01   9.40521866e-01   1.04341468e+00
    80   160   161   6.94722510e-02   6.94722510e-02   1.00000000e+00
    81   162   163   1.06733248e+00   1.00722509e+00   1.05967623e+00
    82   164   165   7.31476311e-01   6.71949664e-01   1.08858795e+00
    83   166   167   9.70260507e-01   9.45125450e-01   1.02659441e+00
    84   168   169   5.07584401e-01   5.02218351e-01   1.01068470e+00
    85   170   171   6.44673424e-01   6.35030422e-01   1.01518510e+00
    86   172   173   9.20838313e-01   8.82564356e-01   1.04336676e+00
    87   174   175   1.39380448e-01   1.39379837e-01   1.00000438e+00
    88   176   177   1.00996814e+00   1.00000129e+00   1.00996684e+00
    89   178   179   6.22724371e-02   6.22724371e-02   1.00000000e+00
    90   180   181   8.98380041e-01   8.63907950e-01   1.03990250e+00
    91   182   183   2.59065043e-01   2.57595308e-01   1.00570560e+00
    92   184   185   4.89210586e-01   4.87105481e-01   1.00432166e+00
    93   186   187   1.01131437e+00   1.00091590e+00   1.01038895e+00
    94   188   189   6.41278448e-01   6.26260938e-01   1.02397964e+00
    95   190   191   8.57911555e-01   8.49426110e-01   1.00998962e+00
    96   192   193   1.05358473e+00   1.03377280e+00   1.01916469e+00
    97   194   195   1.07483913e+00   1.00989316e+00   1.06430974e+00
    98   196   197   9.92479410e-01   9.55046787e-01   1.03919454e+00
    99   198   199   8.41763488e-01   8.30588941e-01   1.01345376e+00
