*Coordenadas 
200
     0 1  +4.47581975e-01  +1.00000000e+00
     1 1  +3.45706949e-01  +1.00000000e+00
     2 1  +2.36536054e-02  +0.00000000e+00
     3 1  -7.89299182e-17  +2.66161755e-01
     4 1  +1.00000000e+00  +1.01505594e-01
     5 1  +6.13413708e-01  +1.00000000e+00
     6 1  +3.31014982e-01  +0.00000000e+00
     7 1  +1.00000000e+00  +1.29244461e-01
     8 1  +1.00000000e+00  +1.01334613e-01
     9 1  +1.00000000e+00  +1.71130209e-03
    10 1  +4.88296936e-01  +0.00000000e+00
    11 1  +4.03194553e-01  -1.12757026e-16
    12 1  +0.00000000e+00  +5.77737190e-01
    13 1  -1.49186219e-16  +2.95434233e-01
    14 1  +0.00000000e+00  +1.02818330e-01
    15 1  +6.63238952e-02  -1.38777878e-17
    16 1  +9.19384072e-01  +0.00000000e+00
    17 1  +1.00000000e+00  +7.72657986e-02
    18 1  +1.00000000e+00  +1.26910716e-01
    19 1  +1.00000000e+00  +8.35037896e-01
    20 1  +1.00000000e+00  +8.40460954e-01
    21 1  -3.85108612e-16  +3.66932937e-01
    22 1  +1.00000000e+00  +4.71808029e-02
    23 1  +1.00000000e+00  +4.06512098e-01
    24 1  +1.00000000e+00  +3.44729634e-02
    25 1  +1.00000000e+00  +2.07409162e-01
    26 1  +0.00000000e+00  +5.47134264e-01
    27 1  +1.80205159e-01  +1.00000000e+00
    28 1  +6.74912225e-01  +1.00000000e+00
    29 1  +4.64399514e-01  +1.00000000e+00
    30 1  +1.00000000e+00  +7.02259529e-01
    31 1  +1.00000000e+00  +4.32774408e-01
    32 1  +0.00000000e+00  +6.77591068e-01
    33 1  -9.71445147e-17  +5.57769599e-01
    34 1  +0.00000000e+00  +6.31219572e-01
    35 1  -1.00613962e-16  +4.46017862e-01
    36 1  +1.00000000e+00  +2.35547183e-01
    37 1  +5.80153011e-01  -2.09901541e-16
    38 1  +1.00000000e+00  +9.51074349e-01
    39 1  +9.59651084e-01  +1.00000000e+00
    40 1  +3.78520502e-01  +1.00000000e+00
    41 1  -4.33680869e-17  +8.22447223e-01
    42 1  +3.33522411e-02  +1.00000000e+00
    43 1  -2.25514052e-17  +8.89738557e-01
    44 1  +0.00000000e+00  +2.46228614e-01
    45 1  -1.09721260e-16  +2.74654963e-01
    46 1  +3.95287318e-01  +1.00000000e+00
    47 1  +2.65823742e-01  +1.00000000e+00
    48 1  +0.00000000e+00  +5.40640038e-01
    49 1  -3.87710697e-16  +3.87805642e-01
    50 1  +6.74395529e-01  +1.00000000e+00
    51 1  +1.00000000e+00  +7.72555967e-01
    52 1  +5.78351527e-01  +0.00000000e+00
    53 1  -2.14672030e-16  +6.31987280e-01
    54 1  +1.00000000e+00  +3.66154515e-01
    55 1  +1.00000000e+00  +2.61549884e-01
    56 1  +0.00000000e+00  +2.25455669e-01
    57 1  +4.80241672e-01  -1.23165367e-16
    58 1  +0.00000000e+00  +4.79507455e-01
    59 1  -7.97972799e-17  +6.79369772e-01
    60 1  +3.06983969e-02  +1.00000000e+00
    61 1  +4.14931126e-01  +1.00000000e+00
    62 1  +0.00000000e+00  +8.96829145e-01
    63 1  -3.46944695e-17  +5.77327532e-01
    64 1  +5.31594848e-01  +0.00000000e+00
    65 1  +2.34259381e-01  -5.50774704e-17
    66 1  +1.00000000e+00  +3.73259926e-01
    67 1  +3.75182355e-01  -9.38919081e-17
    68 1  +8.34082599e-02  +0.00000000e+00
    69 1  +2.56739074e-16  +1.74848958e-02
    70 1  +1.00000000e+00  +1.73235247e-02
    71 1  +9.70491090e-01  -2.61075883e-16
    72 1  +0.00000000e+00  +4.77524217e-01
    73 1  -1.81278603e-16  +2.05874421e-01
    74 1  +1.00000000e+00  +2.18577237e-01
    75 1  +1.00000000e+00  +5.39160225e-01
    76 1  +3.71978551e-01  +1.00000000e+00
    77 1  -6.11490025e-17  +7.22394765e-01
    78 1  +1.95502943e-01  +1.00000000e+00
    79 1  +6.13715537e-01  +1.00000000e+00
    80 1  +0.00000000e+00  +6.39294554e-02
    81 1  +1.00000000e+00  +2.15323048e-01
    82 1  +0.00000000e+00  +7.39369177e-02
    83 1  +6.31923029e-01  -8.15320034e-17
    84 1  +3.03414632e-02  +1.00000000e+00
    85 1  +4.59043266e-01  -1.07552856e-16
    86 1  +6.82623801e-01  +0.00000000e+00
    87 1  -1.17961196e-16  +4.08535543e-01
    88 1  +4.67499250e-01  +0.00000000e+00
    89 1  -1.35308431e-16  +2.79700833e-01
    90 1  +9.55718340e-01  +0.00000000e+00
    91 1  +6.91718113e-01  -1.63064007e-16
    92 1  +1.00000000e+00  +9.70490724e-01
    93 1  +1.00000000e+00  +3.51286406e-01
    94 1  +3.91773267e-01  +0.00000000e+00
    95 1  -1.80411242e-16  +1.92379295e-01
    96 1  +0.00000000e+00  +5.35592470e-01
    97 1  +4.16945877e-01  +1.00000000e+00
    98 1  +0.00000000e+00  +6.24892765e-01
    99 1  +1.00000000e+00  +8.00674053e-01
   100 1  +0.00000000e+00  +1.61022725e-01
   101 1  +9.29234304e-01  +1.00000000e+00
   102 1  +1.00000000e+00  +9.39676123e-01
   103 1  +7.05082636e-01  +1.00000000e+00
   104 1  +1.54533282e-01  +1.00000000e+00
   105 1  +3.52258295e-01  +1.00000000e+00
   106 1  +4.20136471e-01  +1.00000000e+00
   107 1  +1.00000000e+00  +3.84440185e-01
   108 1  +3.66324627e-01  +0.00000000e+00
   109 1  +2.18477968e-01  -6.93889390e-17
   110 1  +0.00000000e+00  +9.93106933e-01
   111 1  +6.46599270e-03  +1.00000000e+00
   112 1  +5.44503024e-01  +1.00000000e+00
   113 1  +6.87413841e-01  +1.00000000e+00
   114 1  +1.02532377e-01  +0.00000000e+00
   115 1  +7.23051187e-01  -1.49186219e-16
   116 1  +7.04335239e-01  +0.00000000e+00
   117 1  +1.00000000e+00  +1.60958139e-01
   118 1  +8.29956342e-02  +1.00000000e+00
   119 1  +1.00000000e+00  +2.00119736e-01
   120 1  +1.83009160e-01  +0.00000000e+00
   121 1  +5.56591933e-01  -1.30104261e-16
   122 1  +0.00000000e+00  +2.63792666e-01
   123 1  +5.94092365e-01  -1.33573708e-16
   124 1  +1.00000000e+00  +4.22794682e-01
   125 1  +2.06560588e-01  -4.07660017e-17
   126 1  +7.61673851e-01  +0.00000000e+00
   127 1  +1.00000000e+00  +1.69049222e-01
   128 1  +9.45391300e-01  +0.00000000e+00
   129 1  +7.36172746e-01  -2.32452946e-16
   130 1  +0.00000000e+00  +2.57156415e-01
   131 1  +2.13387168e-02  -5.20417043e-18
   132 1  +1.00000000e+00  +5.74076060e-01
   133 1  -9.71445147e-17  +5.76411084e-01
   134 1  +1.00000000e+00  +9.44875624e-01
   135 1  +9.52289741e-01  +1.00000000e+00
   136 1  +0.00000000e+00  +6.59645719e-01
   137 1  +1.21121675e-01  -2.77555756e-17
   138 1  +0.00000000e+00  +1.47514179e-01
   139 1  -2.91108283e-16  +3.14802640e-01
   140 1  +0.00000000e+00  +1.85458597e-01
   141 1  -1.30104261e-16  +3.81733875e-01
   142 1  +1.33246985e-02  +0.00000000e+00
   143 1  -1.96023753e-16  +1.48523180e-02
   144 1  +2.07202423e-01  +1.00000000e+00
   145 1  -3.98986399e-17  +9.34328576e-01
   146 1  +9.32807744e-02  +1.00000000e+00
   147 1  -1.73472348e-17  +8.65258002e-01
   148 1  +4.25293346e-01  +0.00000000e+00
   149 1  +8.08440064e-01  -1.97758476e-16
   150 1  +9.42372013e-02  +1.00000000e+00
   151 1  -8.67361738e-18  +8.86107238e-01
   152 1  +7.54362434e-01  +0.00000000e+00
   153 1  +1.00000000e+00  +3.40962028e-01
   154 1  +0.00000000e+00  +6.70034789e-01
   155 1  +1.31313037e-01  +1.00000000e+00
   156 1  +1.00000000e+00  +2.73117960e-01
   157 1  +1.00000000e+00  +1.82911143e-01
   158 1  +7.39311056e-01  +0.00000000e+00
   159 1  +9.33481782e-01  -2.04697370e-16
   160 1  +1.00000000e+00  +3.85507892e-01
   161 1  +1.00000000e+00  +3.15797722e-01
   162 1  +2.79628018e-01  +0.00000000e+00
   163 1  +8.23915582e-01  -2.23779328e-16
   164 1  +7.94896813e-01  +1.00000000e+00
   165 1  +1.00000000e+00  +9.36816985e-01
   166 1  +0.00000000e+00  +3.29626818e-01
   167 1  +5.98587665e-03  +1.00000000e+00
   168 1  +2.27193181e-01  +0.00000000e+00
   169 1  -1.54390389e-16  +1.05343341e-01
   170 1  +1.00000000e+00  +8.19832338e-01
   171 1  +8.74034210e-01  +1.00000000e+00
   172 1  +1.00000000e+00  +9.97279921e-01
   173 1  +7.88871386e-01  +1.00000000e+00
   174 1  +1.00000000e+00  +2.01895626e-01
   175 1  +8.66931334e-01  -1.83880688e-16
   176 1  +5.93734756e-01  +1.00000000e+00
   177 1  -5.55111512e-17  +5.17491016e-01
   178 1  +1.00000000e+00  +9.02545685e-01
   179 1  +1.00000000e+00  +8.57644553e-01
   180 1  +1.00000000e+00  +5.37380684e-01
   181 1  +6.29795146e-01  -1.98625838e-16
   182 1  +6.03162351e-01  +0.00000000e+00
   183 1  -5.36896916e-16  +1.50936123e-01
   184 1  +1.00000000e+00  +9.92967174e-01
   185 1  +7.36158871e-01  +1.00000000e+00
   186 1  +4.42698026e-01  +1.00000000e+00
   187 1  -5.89805982e-17  +7.06110488e-01
   188 1  +1.00000000e+00  +3.48974643e-01
   189 1  +9.51517017e-01  -2.35922393e-16
   190 1  +3.89511154e-01  +1.00000000e+00
   191 1  -1.77809156e-17  +8.72336245e-01
   192 1  +8.71675867e-01  +0.00000000e+00
   193 1  +1.00000000e+00  +4.53008984e-01
   194 1  +1.00000000e+00  +6.75911922e-01
   195 1  +1.00000000e+00  +6.52376361e-01
   196 1  +9.33982394e-01  +1.00000000e+00
   197 1  +1.00000000e+00  +9.30965016e-01
   198 1  +0.00000000e+00  +3.59482547e-01
   199 1  +3.47178209e-01  +1.00000000e+00
*Segmentos 
100
     0     0     1   1.29107229e-01   1.01875026e-01   1.26730990e+00
     1     2     3   3.25257775e-01   2.67210728e-01   1.21723322e+00
     2     4     5   1.62948504e+00   9.78131463e-01   1.66591619e+00
     3     6     7   5.67495110e+00   6.81355329e-01   8.32891569e+00
     4     8     9   1.07156657e-01   9.96233109e-02   1.07561831e+00
     5    10    11   1.04403313e-01   8.51023833e-02   1.22679658e+00
     6    12    13   3.16547402e-01   2.82302957e-01   1.12130388e+00
     7    14    15   1.37487942e-01   1.22353864e-01   1.12369105e+00
     8    16    17   1.25045080e-01   1.11664370e-01   1.11982971e+00
     9    18    19   9.00360201e-01   7.08127180e-01   1.27146680e+00
    10    20    21   1.65437513e+00   1.10644873e+00   1.49521174e+00
    11    22    23   5.67613169e-01   3.59331295e-01   1.57963744e+00
    12    24    25   2.33837425e-01   1.72936199e-01   1.35216008e+00
    13    26    27   5.89021526e-01   4.87402580e-01   1.20849078e+00
    14    28    29   2.62452915e-01   2.10512711e-01   1.24673192e+00
    15    30    31   3.60942479e-01   2.69485121e-01   1.33937813e+00
    16    32    33   1.54264455e-01   1.19821469e-01   1.28745254e+00
    17    34    35   2.38511489e-01   1.85201710e-01   1.28784712e+00
    18    36    37   1.27167790e+00   4.81408319e-01   2.64157858e+00
    19    38    39   6.40404809e-02   6.34173030e-02   1.00982662e+00
    20    40    41   1.29204488e+00   4.18094199e-01   3.09032003e+00
    21    42    43   1.18154325e-01   1.15195302e-01   1.02568701e+00
    22    44    45   7.63580616e-01   2.84263495e-02   2.68617191e+01
    23    46    47   1.54168510e-01   1.29463576e-01   1.19082537e+00
    24    48    49   7.05326390e-01   1.52834396e-01   4.61497156e+00
    25    50    51   4.97929009e-01   3.97176359e-01   1.25367232e+00
    26    52    53   2.36028585e+00   8.56678709e-01   2.75515876e+00
    27    54    55   1.10978119e-01   1.04604631e-01   1.06092931e+00
    28    56    57   6.55456321e-01   5.30530228e-01   1.23547404e+00
    29    58    59   3.12916731e-01   1.99862317e-01   1.56566148e+00
    30    60    61   5.12108649e-01   3.84232729e-01   1.33280851e+00
    31    62    63   1.13750240e+00   3.19501613e-01   3.56023992e+00
    32    64    65   3.55842576e-01   2.97335467e-01   1.19677138e+00
    33    66    67   1.56102873e+00   7.27818701e-01   2.14480437e+00
    34    68    69   9.34246450e-02   8.52212380e-02   1.09626013e+00
    35    70    71   3.42469864e-02   3.42181277e-02   1.00084337e+00
    36    72    73   1.04216600e+00   2.71649796e-01   3.83643210e+00
    37    74    75   3.68693091e-01   3.20582989e-01   1.15007066e+00
    38    76    77   5.23165401e-01   4.64147292e-01   1.12715384e+00
    39    78    79   1.06515731e+00   4.18212594e-01   2.54692787e+00
    40    80    81   1.73046333e+00   1.01139509e+00   1.71096671e+00
    41    82    83   1.17311125e+00   6.36233748e-01   1.84383688e+00
    42    84    85   1.59441459e+00   1.08801895e+00   1.46542906e+00
    43    86    87   1.11141932e+00   7.95535382e-01   1.39707088e+00
    44    88    89   5.94870089e-01   5.44782622e-01   1.09194028e+00
    45    90    91   1.95682217e+00   2.64000226e-01   7.41219885e+00
    46    92    93   1.39995324e+00   6.19204318e-01   2.26089063e+00
    47    94    95   5.32849438e-01   4.36458573e-01   1.22084768e+00
    48    96    97   9.64780151e-01   6.24113947e-01   1.54583975e+00
    49    98    99   1.11899909e+00   1.01533200e+00   1.10210167e+00
    50   100   101   1.55712454e+00   1.25194219e+00   1.24376712e+00
    51   102   103   5.01467368e-01   3.01023623e-01   1.66587380e+00
    52   104   105   6.86726842e-01   1.97725013e-01   3.47314097e+00
    53   106   107   1.08008354e+00   8.45668728e-01   1.27719461e+00
    54   108   109   1.73754343e-01   1.47846659e-01   1.17523348e+00
    55   110   111   9.45110724e-03   9.45110724e-03   1.00000000e+00
    56   112   113   1.67506075e-01   1.42910817e-01   1.17210214e+00
    57   114   115   8.95126340e-01   6.20518810e-01   1.44254505e+00
    58   116   117   3.83916330e-01   3.36638045e-01   1.14044249e+00
    59   118   119   1.67106801e+00   1.21684241e+00   1.37328219e+00
    60   120   121   4.27694918e-01   3.73582774e-01   1.14484646e+00
    61   122   123   1.01307961e+00   6.50024853e-01   1.55852443e+00
    62   124   125   1.06405894e+00   8.99055862e-01   1.18352928e+00
    63   126   127   3.29990550e-01   2.92193416e-01   1.12935655e+00
    64   128   129   4.57255911e-01   2.09218555e-01   2.18554187e+00
    65   130   131   2.72836330e-01   2.58040235e-01   1.05734026e+00
    66   132   133   1.39919722e+00   1.00000273e+00   1.39919340e+00
    67   134   135   7.60674898e-02   7.29038111e-02   1.04339524e+00
    68   136   137   8.99082762e-01   6.70673494e-01   1.34056701e+00
    69   138   139   1.82946230e-01   1.67288460e-01   1.09359743e+00
    70   140   141   3.51121392e-01   1.96275278e-01   1.78892317e+00
    71   142   143   1.99534193e-02   1.99534193e-02   1.00000000e+00
    72   144   145   2.31358756e-01   2.17360484e-01   1.06440118e+00
    73   146   147   1.66802921e-01   1.63880166e-01   1.01783471e+00
    74   148   149   5.24548848e-01   3.83146717e-01   1.36905479e+00
    75   150   151   1.53511249e-01   1.47824935e-01   1.03846654e+00
    76   152   153   4.42732746e-01   4.20229602e-01   1.05354964e+00
    77   154   155   3.84692128e-01   3.55133994e-01   1.08323093e+00
    78   156   157   9.62373805e-02   9.02068164e-02   1.06685264e+00
    79   158   159   2.39742466e-01   1.94170726e-01   1.23469933e+00
    80   160   161   7.38602261e-02   6.97101703e-02   1.05953300e+00
    81   162   163   1.77736156e+00   5.44287563e-01   3.26548258e+00
    82   164   165   2.26421656e-01   2.14614563e-01   1.05501534e+00
    83   166   167   2.19757737e+00   6.70399906e-01   3.27800966e+00
    84   168   169   2.74613910e-01   2.50427556e-01   1.09658024e+00
    85   170   171   3.15683258e-01   2.19835772e-01   1.43599586e+00
    86   172   173   2.61358236e-01   2.11146135e-01   1.23780734e+00
    87   174   175   2.53699532e-01   2.41803874e-01   1.04919548e+00
    88   176   177   9.97943811e-01   7.65072467e-01   1.30437815e+00
    89   178   179   1.74039748e+00   4.49011320e-02   3.87606594e+01
    90   180   181   1.82175432e+00   6.52556231e-01   2.79172007e+00
    91   182   183   1.08262975e+00   6.21760834e-01   1.74123182e+00
    92   184   185   3.18811290e-01   2.63934844e-01   1.20791664e+00
    93   186   187   1.25778181e+00   5.31368599e-01   2.36706085e+00
    94   188   189   6.35862760e-01   3.52326413e-01   1.80475473e+00
    95   190   191   4.43554772e-01   4.09898736e-01   1.08210817e+00
    96   192   193   6.84122660e-01   4.70833541e-01   1.45300324e+00
    97   194   195   2.36362198e-02   2.35355616e-02   1.00427685e+00
    98   196   197   9.92600028e-02   9.55204340e-02   1.03914941e+00
    99   198   199   8.44970621e-01   7.28557010e-01   1.15978655e+00
