*Coordenadas 
200
     0 1  +1.00000000e+00  +7.68669190e-01
     1 1  +1.00000000e+00  +4.12662475e-01
     2 1  +3.47799985e-01  +0.00000000e+00
     3 1  +1.00000000e+00  +1.68423081e-01
     4 1  +1.86035104e-01  +1.00000000e+00
     5 1  -2.16840434e-17  +9.67899596e-01
     6 1  +1.00000000e+00  +7.48717427e-01
     7 1  +4.11972949e-01  +1.00000000e+00
     8 1  +4.33086178e-02  +0.00000000e+00
     9 1  -4.51028104e-17  +7.01296352e-01
    10 1  +1.00000000e+00  +9.11772344e-01
    11 1  -8.42425088e-17  +6.75166901e-01
    12 1  +1.37733249e-01  +1.00000000e+00
    13 1  +1.00000000e+00  +6.35263733e-01
    14 1  +1.00000000e+00  +9.36633351e-01
    15 1  +8.98654551e-01  +1.00000000e+00
    16 1  +9.63497864e-01  +0.00000000e+00
    17 1  +1.00000000e+00  +2.98292877e-02
    18 1  +2.28338460e-01  +1.00000000e+00
    19 1  +3.40310285e-02  -9.70360944e-18
    20 1  +8.57167493e-01  +0.00000000e+00
    21 1  -5.89805982e-17  +5.68877593e-01
    22 1  +6.34671955e-01  +1.00000000e+00
    23 1  +1.00000000e+00  +7.32392461e-01
    24 1  +1.00000000e+00  +9.79970745e-01
    25 1  +1.00000000e+00  +6.63034749e-01
    26 1  +0.00000000e+00  +1.80614894e-01
    27 1  +2.35229252e-01  -4.16333634e-17
    28 1  +5.84140731e-01  +1.00000000e+00
    29 1  -4.68375339e-17  +9.17760239e-01
    30 1  +1.55822059e-01  +1.00000000e+00
    31 1  +1.00000000e+00  +4.64371037e-01
    32 1  +0.00000000e+00  +9.68804683e-01
    33 1  -2.60208521e-17  +8.22236942e-01
    34 1  +1.80551119e-01  +0.00000000e+00
    35 1  +2.25514052e-16  +1.56835125e-01
    36 1  +0.00000000e+00  +9.13043102e-01
    37 1  -6.80878964e-17  +6.53071896e-01
    38 1  +4.26311322e-01  +0.00000000e+00
    39 1  +1.00000000e+00  +3.65671229e-01
    40 1  +0.00000000e+00  +2.09763681e-01
    41 1  +1.10681617e-01  -2.77555756e-17
    42 1  +1.00000000e+00  +4.76598986e-01
    43 1  +5.80415509e-01  +1.00000000e+00
    44 1  +9.35288383e-01  +0.00000000e+00
    45 1  +1.00000000e+00  +7.05741900e-02
    46 1  +1.00000000e+00  +3.28683835e-01
    47 1  +1.00000000e+00  +3.91284064e-01
    48 1  +1.00000000e+00  +2.72306032e-01
    49 1  -5.89805982e-17  +4.97630521e-01
    50 1  +9.34341905e-01  +1.00000000e+00
    51 1  -9.97465999e-17  +8.41584355e-01
    52 1  +0.00000000e+00  +7.51372367e-02
    53 1  +1.35230871e-01  -2.08166817e-17
    54 1  +0.00000000e+00  +9.09233680e-01
    55 1  +7.06405207e-02  +1.00000000e+00
    56 1  +1.02627936e-01  +1.00000000e+00
    57 1  +1.92834593e-01  -4.68375339e-17
    58 1  +8.68649196e-01  +0.00000000e+00
    59 1  +3.00921532e-01  +1.00000000e+00
    60 1  +7.91243938e-01  +1.00000000e+00
    61 1  +1.00000000e+00  +4.57938471e-01
    62 1  +0.00000000e+00  +8.03617164e-01
    63 1  +1.16864448e-01  +1.00000000e+00
    64 1  +3.46373191e-01  +0.00000000e+00
    65 1  -6.59194921e-17  +4.63961022e-01
    66 1  +6.23840164e-01  +1.00000000e+00
    67 1  +5.37394475e-01  +1.00000000e+00
    68 1  +0.00000000e+00  +8.06896265e-01
    69 1  +6.01722133e-01  +1.00000000e+00
    70 1  +3.32324645e-01  +1.00000000e+00
    71 1  +5.17018180e-02  +1.00000000e+00
    72 1  +1.70360349e-01  +0.00000000e+00
    73 1  -9.80118764e-17  +5.60923629e-01
    74 1  +0.00000000e+00  +8.00741591e-01
    75 1  -1.24032729e-16  +3.33070326e-01
    76 1  +1.00000000e+00  +9.61425440e-01
    77 1  +1.00000000e+00  +8.93810844e-02
    78 1  +2.25394821e-01  +1.00000000e+00
    79 1  +1.72012713e-01  -3.64291930e-17
    80 1  +3.47425903e-01  +1.00000000e+00
    81 1  +7.58346448e-01  -1.80411242e-16
    82 1  +1.00000000e+00  +6.14755882e-01
    83 1  +1.00000000e+00  +5.37060996e-01
    84 1  +4.02945768e-01  +0.00000000e+00
    85 1  +9.61873122e-02  +1.00000000e+00
    86 1  +1.00000000e+00  +5.82263734e-01
    87 1  +8.30711811e-01  -2.15105711e-16
    88 1  +3.36694950e-01  +0.00000000e+00
    89 1  +5.58819943e-01  +1.00000000e+00
    90 1  +3.49321203e-01  +0.00000000e+00
    91 1  +4.06224812e-01  -1.13624388e-16
    92 1  +8.08162512e-01  +0.00000000e+00
    93 1  +1.00000000e+00  +2.60421155e-02
    94 1  +1.66100981e-01  +1.00000000e+00
    95 1  -3.46944695e-17  +8.11633692e-01
    96 1  +0.00000000e+00  +7.63886737e-01
    97 1  +1.17979731e-01  +1.00000000e+00
    98 1  +1.00000000e+00  +1.47379516e-01
    99 1  +1.00000000e+00  +2.72028773e-01
   100 1  +0.00000000e+00  +9.96320288e-02
   101 1  -1.87350135e-16  +3.78757425e-02
   102 1  +0.00000000e+00  +3.23161180e-01
   103 1  -1.99493200e-17  +9.11096002e-01
   104 1  +3.79447970e-01  +0.00000000e+00
   105 1  +5.21506723e-01  +1.00000000e+00
   106 1  +1.00000000e+00  +7.90552878e-01
   107 1  +1.00000000e+00  +3.85020503e-01
   108 1  +9.80108567e-01  +1.00000000e+00
   109 1  +1.00000000e+00  +9.88739917e-01
   110 1  +0.00000000e+00  +2.06574362e-01
   111 1  +2.53472476e-02  -6.93889390e-18
   112 1  +0.00000000e+00  +9.99269766e-01
   113 1  +7.70448263e-04  +1.00000000e+00
   114 1  +2.26931041e-01  +0.00000000e+00
   115 1  +7.04748318e-02  +1.00000000e+00
   116 1  +0.00000000e+00  +9.95743956e-01
   117 1  -1.06251813e-17  +9.45989255e-01
   118 1  +0.00000000e+00  +9.27641313e-01
   119 1  -2.25514052e-17  +8.48218698e-01
   120 1  +1.00000000e+00  +7.04044186e-01
   121 1  +1.00000000e+00  +8.47877856e-01
   122 1  +0.00000000e+00  +4.71471549e-01
   123 1  +3.66291642e-01  +1.00000000e+00
   124 1  +2.11447729e-01  +1.00000000e+00
   125 1  -5.41233725e-16  +1.58074136e-01
   126 1  +1.00000000e+00  +7.65592939e-01
   127 1  +1.00000000e+00  +2.26227669e-01
   128 1  +8.85280429e-01  +1.00000000e+00
   129 1  +1.24900090e-16  +5.09153016e-01
   130 1  +6.58292537e-01  +0.00000000e+00
   131 1  +1.00000000e+00  +3.32675996e-01
   132 1  +7.98355576e-01  +1.00000000e+00
   133 1  +1.06156945e-16  +5.74065781e-01
   134 1  +3.20180716e-01  +1.00000000e+00
   135 1  +1.00000000e+00  +6.89028276e-01
   136 1  +0.00000000e+00  +1.91643706e-01
   137 1  -1.90819582e-16  +3.15869297e-01
   138 1  +3.05242319e-01  +0.00000000e+00
   139 1  -9.54097912e-17  +3.33406238e-01
   140 1  +9.92462760e-01  +0.00000000e+00
   141 1  +1.00000000e+00  +2.02507491e-02
   142 1  +1.00000000e+00  +6.21898622e-01
   143 1  +1.00000000e+00  +1.44822919e-01
   144 1  +0.00000000e+00  +6.53079818e-01
   145 1  +2.18476879e-01  -5.55111512e-17
   146 1  +0.00000000e+00  +3.02856726e-01
   147 1  +6.31337184e-02  -9.97465999e-18
   148 1  +4.69940056e-01  +1.00000000e+00
   149 1  +4.60784518e-01  +1.00000000e+00
   150 1  +0.00000000e+00  +1.08832237e-01
   151 1  +1.04968035e-01  -2.55871713e-17
   152 1  +8.57037816e-01  +1.00000000e+00
   153 1  +1.00000000e+00  +8.82959557e-01
   154 1  +6.78069759e-01  +0.00000000e+00
   155 1  +1.00000000e+00  +2.24191926e-01
   156 1  +0.00000000e+00  +3.34061532e-01
   157 1  +1.00000000e+00  +1.01624453e-01
   158 1  +1.98845902e-01  +0.00000000e+00
   159 1  -1.14491749e-16  +1.25467298e-01
   160 1  +4.80731733e-01  +1.00000000e+00
   161 1  +5.77976141e-01  +1.00000000e+00
   162 1  +9.44083562e-01  +0.00000000e+00
   163 1  +1.73472348e-16  +2.38770080e-01
   164 1  +2.25090650e-01  +1.00000000e+00
   165 1  +1.00000000e+00  +3.56086544e-01
   166 1  +7.77303207e-01  +0.00000000e+00
   167 1  +1.00000000e+00  +2.92086073e-01
   168 1  +1.91997616e-01  +0.00000000e+00
   169 1  -1.41379963e-16  +4.55718372e-01
   170 1  +0.00000000e+00  +5.19766637e-01
   171 1  -3.12250226e-17  +8.02156081e-01
   172 1  +0.00000000e+00  +7.30518920e-01
   173 1  +4.17849910e-01  -7.45931095e-17
   174 1  +0.00000000e+00  +5.22535834e-01
   175 1  +1.00000000e+00  +2.70935500e-01
   176 1  +1.00000000e+00  +8.20462066e-01
   177 1  +1.00000000e+00  +5.63696969e-01
   178 1  +0.00000000e+00  +6.79386308e-01
   179 1  +5.02002742e-01  -1.24900090e-16
   180 1  +1.00000000e+00  +7.78445370e-01
   181 1  +6.06611695e-01  +1.00000000e+00
   182 1  +1.00000000e+00  +3.41297704e-01
   183 1  -1.57859836e-16  +3.67048052e-01
   184 1  +1.00000000e+00  +9.14758018e-01
   185 1  +9.69307876e-01  +1.00000000e+00
   186 1  +8.27180094e-01  +1.00000000e+00
   187 1  +7.32053666e-01  +1.00000000e+00
   188 1  +6.06421944e-01  +1.00000000e+00
   189 1  +1.00000000e+00  +6.78929007e-01
   190 1  +1.00000000e+00  +2.66375276e-02
   191 1  +7.34424038e-01  -2.11636264e-16
   192 1  +2.93372930e-01  +1.00000000e+00
   193 1  +4.65280188e-01  +1.00000000e+00
   194 1  +0.00000000e+00  +5.35056380e-01
   195 1  +1.00000000e+00  +3.73390627e-01
   196 1  +0.00000000e+00  +2.08883340e-01
   197 1  -1.73472348e-18  +7.90249776e-01
   198 1  +0.00000000e+00  +8.48315855e-01
   199 1  +5.94844442e-03  +1.00000000e+00
*Segmentos 
100
     0     0     1   3.83709199e-01   3.56006715e-01   1.07781450e+00
     1     2     3   7.66853422e-01   6.73595720e-01   1.13844759e+00
     2     4     5   1.97536908e-01   1.88784257e-01   1.04636324e+00
     3     6     7   9.87946350e-01   6.39467547e-01   1.54495151e+00
     4     8     9   7.55113280e-01   7.02632343e-01   1.07469189e+00
     5    10    11   1.13478636e+00   1.02760991e+00   1.10429682e+00
     6    12    13   1.00901116e+00   9.36235277e-01   1.07773248e+00
     7    14    15   1.21145800e-01   1.19525028e-01   1.01356010e+00
     8    16    17   4.80991206e-02   4.71401350e-02   1.02034329e+00
     9    18    19   3.55156696e+00   1.01870279e+00   3.48636225e+00
    10    20    21   1.07080574e+00   1.02876519e+00   1.04086505e+00
    11    22    23   4.65748817e-01   4.52855800e-01   1.02847047e+00
    12    24    25   3.50888975e-01   3.16935995e-01   1.10712882e+00
    13    26    27   3.34571770e-01   2.96571308e-01   1.12813263e+00
    14    28    29   6.17865210e-01   5.89901493e-01   1.04740404e+00
    15    30    31   1.03786523e+00   9.99767364e-01   1.03810673e+00
    16    32    33   1.49484495e-01   1.46567742e-01   1.01990038e+00
    17    34    35   2.82679268e-01   2.39156775e-01   1.18198311e+00
    18    36    37   2.82008345e-01   2.59971206e-01   1.08476761e+00
    19    38    39   7.41603804e-01   6.80319151e-01   1.09008221e+00
    20    40    41   2.57598191e-01   2.37173401e-01   1.08611754e+00
    21    42    43   7.04536435e-01   6.70820219e-01   1.05026118e+00
    22    44    45   9.93229520e-02   9.57512905e-02   1.03730144e+00
    23    46    47   6.36236605e-02   6.26002290e-02   1.01634869e+00
    24    48    49   1.10118554e+00   1.02507128e+00   1.07425265e+00
    25    50    51   1.17690892e+00   9.47676269e-01   1.24188920e+00
    26    52    53   1.57046075e-01   1.54702918e-01   1.01514617e+00
    27    54    55   1.17668680e-01   1.15015686e-01   1.02306637e+00
    28    56    57   1.25459807e+00   1.00406038e+00   1.24952453e+00
    29    58    59   1.40551414e+00   1.14991943e+00   1.22227184e+00
    30    60    61   7.47347168e-01   5.80869860e-01   1.28660001e+00
    31    62    63   2.39724060e-01   2.28524655e-01   1.04900743e+00
    32    64    65   7.63296211e-01   5.78994143e-01   1.31831422e+00
    33    66    67   8.70364772e-02   8.64456886e-02   1.00683422e+00
    34    68    69   9.13243096e-01   6.31948240e-01   1.44512325e+00
    35    70    71   1.19127116e+00   2.80622827e-01   4.24509713e+00
    36    72    73   6.54282472e-01   5.86223478e-01   1.11609735e+00
    37    74    75   1.58718238e+00   4.67671264e-01   3.39379924e+00
    38    76    77   1.55237488e+00   8.72044355e-01   1.78015587e+00
    39    78    79   1.38794644e+00   1.00142381e+00   1.38597308e+00
    40    80    81   1.17929065e+00   1.08113630e+00   1.09078814e+00
    41    82    83   7.78469536e-02   7.76948859e-02   1.00195724e+00
    42    84    85   1.30238054e+00   1.04599271e+00   1.24511436e+00
    43    86    87   6.73228504e-01   6.06374098e-01   1.11025274e+00
    44    88    89   1.09713726e+00   1.02437274e+00   1.07103324e+00
    45    90    91   5.89281355e-02   5.69036098e-02   1.03557816e+00
    46    92    93   2.05059436e-01   1.93597039e-01   1.05920750e+00
    47    94    95   2.62165967e-01   2.51140204e-01   1.04390282e+00
    48    96    97   2.95831367e-01   2.63948271e-01   1.12079297e+00
    49    98    99   1.28066970e-01   1.24649256e-01   1.02741864e+00
    50   100   101   6.25863077e-02   6.17562864e-02   1.01344027e+00
    51   102   103   9.13169050e-01   5.87934822e-01   1.55318075e+00
    52   104   105   1.34856558e+00   1.01003994e+00   1.33516064e+00
    53   106   107   5.10941116e-01   4.05532376e-01   1.25992682e+00
    54   108   109   2.28573531e-02   2.28573531e-02   1.00000000e+00
    55   110   111   2.11482179e-01   2.08123641e-01   1.01613723e+00
    56   112   113   1.06152367e-03   1.06152367e-03   1.00000000e+00
    57   114   115   1.08205065e+00   1.01216528e+00   1.06904542e+00
    58   116   117   4.98706421e-02   4.97547013e-02   1.00233025e+00
    59   118   119   8.10324233e-02   7.94226148e-02   1.02026889e+00
    60   120   121   1.61492657e-01   1.43833670e-01   1.12277367e+00
    61   122   123   8.61996292e-01   6.43048902e-01   1.34048327e+00
    62   124   125   1.18186932e+00   8.68072176e-01   1.36148739e+00
    63   126   127   7.41489379e-01   5.39365270e-01   1.37474439e+00
    64   128   129   1.34382695e+00   1.01225106e+00   1.32756291e+00
    65   130   131   4.99875684e-01   4.76903877e-01   1.04816863e+00
    66   132   133   9.44531337e-01   9.04871032e-01   1.04382979e+00
    67   134   135   8.15754011e-01   7.47567837e-01   1.09121068e+00
    68   136   137   1.33352360e-01   1.24225591e-01   1.07346931e+00
    69   138   139   4.59742812e-01   4.52031628e-01   1.01705895e+00
    70   140   141   2.16079342e-02   2.16079342e-02   1.00000000e+00
    71   142   143   5.30580769e-01   4.77075703e-01   1.11215215e+00
    72   144   145   7.41545741e-01   6.88654772e-01   1.07680331e+00
    73   146   147   2.04324262e+00   3.09367198e-01   6.60458715e+00
    74   148   149   1.97219084e+00   9.15553875e-03   2.15409589e+02
    75   150   151   1.53278114e-01   1.51204313e-01   1.01371522e+00
    76   152   153   1.98054353e-01   1.84761065e-01   1.07194854e+00
    77   154   155   5.92831709e-01   3.92302307e-01   1.51116040e+00
    78   156   157   1.11559672e+00   1.02665817e+00   1.08662917e+00
    79   158   159   2.41072442e-01   2.35120683e-01   1.02531364e+00
    80   160   161   9.98554001e-02   9.72444081e-02   1.02684979e+00
    81   162   163   2.52059375e+00   9.73809490e-01   2.58838487e+00
    82   164   165   1.06961701e+00   1.00752620e+00   1.06162700e+00
    83   166   167   3.70875397e-01   3.67298429e-01   1.00973859e+00
    84   168   169   5.32596153e-01   4.94512203e-01   1.07701316e+00
    85   170   171   4.08636378e-01   2.82389444e-01   1.44706676e+00
    86   172   173   1.02530609e+00   8.41579729e-01   1.21831130e+00
    87   174   175   1.22157820e+00   1.03116571e+00   1.18465750e+00
    88   176   177   2.97097695e-01   2.56765097e-01   1.15707975e+00
    89   178   179   1.76571299e+00   8.44732211e-01   2.09026360e+00
    90   180   181   4.80041114e-01   4.51487334e-01   1.06324381e+00
    91   182   183   1.17521665e+00   1.00033149e+00   1.17482722e+00
    92   184   185   9.33108956e-02   9.05991275e-02   1.02993150e+00
    93   186   187   9.78595352e-02   9.51264282e-02   1.02873131e+00
    94   188   189   6.68588446e-01   5.07927425e-01   1.31630704e+00
    95   190   191   2.75487684e-01   2.66908503e-01   1.03214278e+00
    96   192   193   1.79432955e-01   1.71907258e-01   1.04377766e+00
    97   194   195   1.21618443e+00   1.01298362e+00   1.20059635e+00
    98   196   197   7.32046191e-01   5.81366435e-01   1.25918207e+00
    99   198   199   1.52435738e-01   1.51800737e-01   1.00418312e+00
