*Coordenadas 
200
     0 1  +1.00000000e+00  +8.29890922e-01
     1 1  +9.24869812e-01  +1.00000000e+00
     2 1  +8.82353654e-01  +0.00000000e+00
     3 1  +9.02056208e-17  +5.34543562e-01
     4 1  +8.16181455e-01  +0.00000000e+00
     5 1  -2.08166817e-17  +8.74538535e-01
     6 1  +1.00000000e+00  +6.80085477e-02
     7 1  +7.64764696e-01  -1.46475714e-16
     8 1  +0.00000000e+00  +1.42168628e-01
     9 1  +7.59795020e-01  +1.00000000e+00
    10 1  +9.18764421e-01  +0.00000000e+00
    11 1  +6.93889390e-17  +7.49411474e-01
    12 1  +7.92832673e-01  +1.00000000e+00
    13 1  +3.23176725e-01  -8.32667268e-17
    14 1  +0.00000000e+00  +9.56596833e-01
    15 1  +1.00000000e+00  +5.99022536e-01
    16 1  +2.65626551e-01  +1.00000000e+00
    17 1  +1.00000000e+00  +4.54573919e-01
    18 1  +9.04845784e-02  +1.00000000e+00
    19 1  +1.00000000e+00  +6.91045367e-01
    20 1  +7.57662753e-01  +0.00000000e+00
    21 1  -3.40005801e-16  +4.83407847e-01
    22 1  +1.00000000e+00  +3.98034900e-01
    23 1  +6.38858373e-01  -1.87350135e-16
    24 1  +2.50935643e-01  +0.00000000e+00
    25 1  +1.00000000e+00  +7.45779705e-01
    26 1  +4.26922897e-01  +1.00000000e+00
    27 1  -2.06432094e-16  +6.07974987e-01
    28 1  +8.95087945e-01  +0.00000000e+00
    29 1  +6.62543321e-01  -1.47451495e-16
    30 1  +1.00000000e+00  +2.19268006e-01
    31 1  +7.74876767e-01  -1.94289029e-16
    32 1  +1.04234925e-01  +1.00000000e+00
    33 1  +5.22206755e-01  +1.00000000e+00
    34 1  +9.59954685e-01  +0.00000000e+00
    35 1  -2.22044605e-16  +6.49434313e-01
    36 1  +1.68810529e-01  +1.00000000e+00
    37 1  +0.00000000e+00  +9.92426526e-01
    38 1  +1.00000000e+00  +9.77690208e-01
    39 1  +9.93539267e-01  +1.00000000e+00
    40 1  +1.00000000e+00  +7.40026445e-02
    41 1  +7.07902121e-01  +1.00000000e+00
    42 1  +1.00000000e+00  +4.70716117e-01
    43 1  -1.49186219e-16  +1.42872424e-01
    44 1  +1.56432797e-01  +0.00000000e+00
    45 1  +1.00000000e+00  +9.06776391e-01
    46 1  +1.10827901e-01  +1.00000000e+00
    47 1  +3.22231568e-01  +1.00000000e+00
    48 1  +5.29577785e-01  +0.00000000e+00
    49 1  +6.94976423e-01  +1.00000000e+00
    50 1  +3.84459849e-01  +1.00000000e+00
    51 1  -9.02056208e-17  +6.66698449e-01
    52 1  +0.00000000e+00  +5.64489152e-01
    53 1  +1.00000000e+00  +6.72554344e-01
    54 1  +0.00000000e+00  +1.46984689e-01
    55 1  +1.22311524e-01  -2.42861287e-17
    56 1  +0.00000000e+00  +4.92996823e-01
    57 1  +2.19185203e-01  -3.46944695e-17
    58 1  +0.00000000e+00  +7.82406316e-01
    59 1  +2.83607446e-01  +1.00000000e+00
    60 1  +6.23244819e-01  +1.00000000e+00
    61 1  +4.03122496e-01  -1.38777878e-16
    62 1  +0.00000000e+00  +4.59149522e-02
    63 1  +4.46363116e-02  -1.38777878e-17
    64 1  +0.00000000e+00  +8.36720502e-01
    65 1  +6.78313340e-01  +1.00000000e+00
    66 1  +9.17876959e-01  +0.00000000e+00
    67 1  -1.38777878e-17  +8.46032636e-01
    68 1  +1.00000000e+00  +6.65731528e-01
    69 1  +2.25514052e-16  +2.41119416e-01
    70 1  +0.00000000e+00  +6.06772045e-01
    71 1  +3.45663526e-01  +1.00000000e+00
    72 1  +1.00000000e+00  +7.35864177e-01
    73 1  +8.26472703e-01  +1.00000000e+00
    74 1  +3.98103068e-01  +0.00000000e+00
    75 1  +6.72479126e-01  +1.00000000e+00
    76 1  +1.00000000e+00  +1.73538345e-01
    77 1  +5.37878127e-01  +1.00000000e+00
    78 1  +1.00000000e+00  +5.03012987e-01
    79 1  +4.16357889e-01  -9.02056208e-17
    80 1  +1.00000000e+00  +4.92806845e-02
    81 1  -5.55111512e-17  +6.74029850e-01
    82 1  +3.08960737e-01  +1.00000000e+00
    83 1  +1.38777878e-17  +9.10383064e-01
    84 1  +7.79631584e-01  +1.00000000e+00
    85 1  +7.58966004e-01  -1.45716772e-16
    86 1  +5.11670435e-01  +0.00000000e+00
    87 1  +1.00000000e+00  +2.39150480e-01
    88 1  +4.92201655e-01  +0.00000000e+00
    89 1  +1.00000000e+00  +3.14129995e-01
    90 1  +9.13851998e-01  +1.00000000e+00
    91 1  +1.00000000e+00  +9.62223427e-01
    92 1  +1.00000000e+00  +5.46964221e-02
    93 1  +9.74666446e-01  -1.94289029e-16
    94 1  +1.00000000e+00  +6.35557905e-01
    95 1  +3.55422066e-01  -7.11236625e-17
    96 1  +6.51701884e-01  +0.00000000e+00
    97 1  +6.93069714e-01  +1.00000000e+00
    98 1  +1.00000000e+00  +4.12008123e-01
    99 1  +3.96290255e-01  +1.00000000e+00
   100 1  +4.02101939e-01  +1.00000000e+00
   101 1  -7.97972799e-17  +8.75457925e-01
   102 1  +0.00000000e+00  +2.91969691e-01
   103 1  +1.00000000e+00  +5.31586772e-01
   104 1  +7.77460868e-01  +0.00000000e+00
   105 1  +5.50595187e-01  +1.00000000e+00
   106 1  +9.25175305e-01  +0.00000000e+00
   107 1  +6.54540742e-01  +1.00000000e+00
   108 1  +3.25236550e-01  +0.00000000e+00
   109 1  +4.19188374e-01  +1.00000000e+00
   110 1  +1.25733919e-01  +1.00000000e+00
   111 1  +1.00000000e+00  +2.47359980e-01
   112 1  +0.00000000e+00  +2.66578134e-01
   113 1  +1.00000000e+00  +4.65026810e-01
   114 1  +6.45178221e-01  +1.00000000e+00
   115 1  -3.46944695e-17  +8.18907608e-01
   116 1  +0.00000000e+00  +8.78191577e-01
   117 1  +1.00000000e+00  +4.67087746e-01
   118 1  +1.00000000e+00  +1.14348667e-02
   119 1  +9.96409062e-01  -2.65412692e-16
   120 1  +7.68644662e-01  +0.00000000e+00
   121 1  +1.00000000e+00  +4.06765348e-01
   122 1  +2.00858888e-01  +0.00000000e+00
   123 1  +1.00000000e+00  +5.07610197e-01
   124 1  +2.09093854e-01  +0.00000000e+00
   125 1  +6.49263050e-01  +1.00000000e+00
   126 1  +0.00000000e+00  +5.25654796e-02
   127 1  +1.34117866e-01  -3.12250226e-17
   128 1  +7.73568410e-01  +0.00000000e+00
   129 1  +1.00000000e+00  +2.58019266e-01
   130 1  +1.00000000e+00  +7.63102578e-01
   131 1  +1.00000000e+00  +1.48988376e-02
   132 1  +7.60583181e-01  +0.00000000e+00
   133 1  +9.71445147e-17  +6.24384659e-01
   134 1  +8.42262976e-01  +0.00000000e+00
   135 1  +6.32083819e-01  +1.00000000e+00
   136 1  +5.36402393e-01  +1.00000000e+00
   137 1  +1.00000000e+00  +9.13271968e-01
   138 1  +5.20402445e-01  +1.00000000e+00
   139 1  +3.05321862e-01  -7.63278329e-17
   140 1  +4.54185292e-01  +0.00000000e+00
   141 1  +1.00000000e+00  +4.34270341e-01
   142 1  +4.83030420e-01  +0.00000000e+00
   143 1  +1.00000000e+00  +4.31470251e-01
   144 1  +0.00000000e+00  +5.14123205e-01
   145 1  +1.44407607e-01  -4.16333634e-17
   146 1  +1.00000000e+00  +2.11853736e-01
   147 1  +1.00000000e+00  +5.32160793e-01
   148 1  +2.28770633e-01  +0.00000000e+00
   149 1  +5.06049035e-01  +1.00000000e+00
   150 1  +0.00000000e+00  +4.36004935e-01
   151 1  +1.00000000e+00  +9.55621156e-01
   152 1  +1.00000000e+00  +1.02333895e-01
   153 1  +9.55650420e-01  -1.66533454e-16
   154 1  +1.27892764e-01  +1.00000000e+00
   155 1  +4.17875032e-01  -8.32667268e-17
   156 1  +8.00141723e-01  +1.00000000e+00
   157 1  -1.17961196e-16  +2.33249082e-01
   158 1  +4.58993960e-01  +0.00000000e+00
   159 1  +1.00000000e+00  +6.46424817e-02
   160 1  +4.23136370e-01  +0.00000000e+00
   161 1  -3.81639165e-17  +8.05958982e-01
   162 1  +1.00000000e+00  +7.86930170e-01
   163 1  +8.25999904e-01  +1.00000000e+00
   164 1  +4.02661179e-01  +0.00000000e+00
   165 1  +9.25582843e-01  +1.00000000e+00
   166 1  +5.23741539e-01  +1.00000000e+00
   167 1  +1.00000000e+00  +1.91064238e-01
   168 1  +9.18165546e-03  +1.00000000e+00
   169 1  +6.39371319e-01  -1.66533454e-16
   170 1  +0.00000000e+00  +4.59476493e-01
   171 1  +1.00000000e+00  +4.64174942e-01
   172 1  +1.00000000e+00  +4.45767982e-01
   173 1  +8.99505449e-01  -2.08166817e-16
   174 1  +1.00000000e+00  +5.37010856e-01
   175 1  +2.47386379e-01  +1.00000000e+00
   176 1  +0.00000000e+00  +4.76426978e-01
   177 1  +1.00000000e+00  +7.77992536e-01
   178 1  +3.88232940e-01  +0.00000000e+00
   179 1  +5.69847827e-01  -1.22298005e-16
   180 1  +0.00000000e+00  +5.65525889e-01
   181 1  +5.18249875e-01  +1.00000000e+00
   182 1  +8.58167659e-01  +1.00000000e+00
   183 1  -1.24900090e-16  +8.32907249e-02
   184 1  +0.00000000e+00  +4.96508694e-01
   185 1  +1.00000000e+00  +5.69062417e-01
   186 1  +0.00000000e+00  +9.24346946e-01
   187 1  +1.87806311e-02  +1.00000000e+00
   188 1  +0.00000000e+00  +1.13184406e-01
   189 1  +1.74985672e-02  -3.46944695e-18
   190 1  +1.00000000e+00  +4.58237372e-01
   191 1  +8.76627578e-01  -2.08166817e-16
   192 1  +3.33917017e-01  +0.00000000e+00
   193 1  -1.97758476e-16  +1.34264254e-01
   194 1  +1.00000000e+00  +5.70808803e-01
   195 1  -3.46944695e-17  +8.39286832e-01
   196 1  +1.00000000e+00  +7.07293045e-01
   197 1  -3.72965547e-17  +7.64311520e-01
   198 1  +0.00000000e+00  +4.39232996e-01
   199 1  +6.83910095e-01  -6.24500451e-17
*Segmentos 
100
     0     0     1   1.86428876e-01   1.85961403e-01   1.00251381e+00
     1     2     3   1.04286123e+00   1.03164179e+00   1.01087533e+00
     2     4     5   1.22724249e+00   1.19623151e+00   1.02592390e+00
     3     6     7   2.47770800e-01   2.44868967e-01   1.01185055e+00
     4     8     9   1.18707120e+00   1.14593330e+00   1.03589903e+00
     5    10    11   1.26567618e+00   1.18564144e+00   1.06750333e+00
     6    12    13   1.13650447e+00   1.10479714e+00   1.02869969e+00
     7    14    15   1.19431712e+00   1.06200724e+00   1.12458473e+00
     8    16    17   9.55017830e-01   9.14764435e-01   1.04400411e+00
     9    18    19   9.84239554e-01   9.60557790e-01   1.02465418e+00
    10    20    21   9.47058315e-01   8.98741339e-01   1.05376071e+00
    11    22    23   5.40156690e-01   5.37452376e-01   1.00503173e+00
    12    24    25   1.08758271e+00   1.05701692e+00   1.02891703e+00
    13    26    27   5.86811325e-01   5.79609153e-01   1.01242591e+00
    14    28    29   2.34586746e-01   2.32544624e-01   1.00878163e+00
    15    30    31   3.17092165e-01   3.14259333e-01   1.00901431e+00
    16    32    33   4.39673133e-01   4.17971830e-01   1.05192049e+00
    17    34    35   1.20518472e+00   1.15899867e+00   1.03984995e+00
    18    36    37   1.72725953e-01   1.68980331e-01   1.02216602e+00
    19    38    39   2.32264482e-02   2.32264482e-02   1.00000000e+00
    20    40    41   9.93596615e-01   9.70974909e-01   1.02329793e+00
    21    42    43   1.10613069e+00   1.05236946e+00   1.05108589e+00
    22    44    45   1.25494830e+00   1.23848660e+00   1.01329179e+00
    23    46    47   2.13733999e-01   2.11403667e-01   1.01102314e+00
    24    48    49   1.15709891e+00   1.01358606e+00   1.14158920e+00
    25    50    51   5.31252478e-01   5.08821481e-01   1.04408422e+00
    26    52    53   1.04779031e+00   1.00582209e+00   1.04172529e+00
    27    54    55   1.93768493e-01   1.91218743e-01   1.01333421e+00
    28    56    57   5.65224731e-01   5.39525737e-01   1.04763256e+00
    29    58    59   3.60011507e-01   3.57463557e-01   1.00712786e+00
    30    60    61   1.07962036e+00   1.02394035e+00   1.05437818e+00
    31    62    63   6.40357958e-02   6.40357958e-02   1.00000000e+00
    32    64    65   7.47188799e-01   6.97688456e-01   1.07094907e+00
    33    66    67   1.34097823e+00   1.24830659e+00   1.07423788e+00
    34    68    69   1.18084039e+00   1.08641403e+00   1.08691562e+00
    35    70    71   5.38626370e-01   5.23556585e-01   1.02878349e+00
    36    72    73   3.20015055e-01   3.16037111e-01   1.01258695e+00
    37    74    75   1.20384489e+00   1.03695816e+00   1.16093874e+00
    38    76    77   9.60990893e-01   9.46887265e-01   1.01489473e+00
    39    78    79   8.53122225e-01   7.70493465e-01   1.10724135e+00
    40    80    81   1.27006238e+00   1.17911472e+00   1.07713216e+00
    41    82    83   3.25679066e-01   3.21695403e-01   1.01238334e+00
    42    84    85   1.02884363e+00   1.00021351e+00   1.02862401e+00
    43    86    87   5.71676985e-01   5.43745084e-01   1.05136948e+00
    44    88    89   6.11619164e-01   5.97107037e-01   1.02430406e+00
    45    90    91   9.41294554e-02   9.40667194e-02   1.00066693e+00
    46    92    93   6.02784170e-02   6.02784170e-02   1.00000000e+00
    47    94    95   9.18456240e-01   9.05215203e-01   1.01462750e+00
    48    96    97   1.05145681e+00   1.00085528e+00   1.05055828e+00
    49    98    99   8.80678924e-01   8.42733590e-01   1.04502649e+00
    50   100   101   4.24119270e-01   4.20947381e-01   1.00753512e+00
    51   102   103   1.11912321e+00   1.02830752e+00   1.08831570e+00
    52   104   105   1.06131490e+00   1.02541116e+00   1.03501400e+00
    53   106   107   1.07530153e+00   1.03597445e+00   1.03796144e+00
    54   108   109   1.01872003e+00   1.00440378e+00   1.01425349e+00
    55   110   111   1.23608919e+00   1.15360660e+00   1.07149975e+00
    56   112   113   1.07135384e+00   1.01950080e+00   1.05086121e+00
    57   114   115   6.82824963e-01   6.70111477e-01   1.01897220e+00
    58   116   117   1.09581855e+00   1.08120597e+00   1.01351507e+00
    59   118   119   1.19854501e-02   1.19854501e-02   1.00000000e+00
    60   120   121   4.81380326e-01   4.67956559e-01   1.02868593e+00
    61   122   123   9.60292540e-01   9.46728382e-01   1.01432740e+00
    62   124   125   1.17359823e+00   1.09258818e+00   1.07414509e+00
    63   126   127   1.44071335e-01   1.44051143e-01   1.00014018e+00
    64   128   129   3.56547750e-01   3.43285897e-01   1.03863210e+00
    65   130   131   8.09797759e-01   7.48203740e-01   1.08232252e+00
    66   132   133   1.00782371e+00   9.84044195e-01   1.02416508e+00
    67   134   135   1.04322871e+00   1.02184895e+00   1.02092262e+00
    68   136   137   4.75029637e-01   4.71640215e-01   1.00718646e+00
    69   138   139   1.04277950e+00   1.02286835e+00   1.01946600e+00
    70   140   141   7.08841616e-01   6.97498692e-01   1.01626229e+00
    71   142   143   7.03447031e-01   6.73367748e-01   1.04466992e+00
    72   144   145   5.54716410e-01   5.34018939e-01   1.03875793e+00
    73   146   147   3.32077442e-01   3.20307057e-01   1.03674719e+00
    74   148   149   1.08628049e+00   1.03772988e+00   1.04678540e+00
    75   150   151   1.18835815e+00   1.12694322e+00   1.05449692e+00
    76   152   153   1.11677276e-01   1.11530764e-01   1.00131364e+00
    77   154   155   1.12993347e+00   1.04119629e+00   1.08522618e+00
    78   156   157   1.13960955e+00   1.10821196e+00   1.02833176e+00
    79   158   159   5.49326548e-01   5.44854279e-01   1.00820819e+00
    80   160   161   1.00923662e+00   9.10282521e-01   1.10870702e+00
    81   162   163   2.76334895e-01   2.75090505e-01   1.00452357e+00
    82   164   165   1.19200115e+00   1.12847112e+00   1.05629744e+00
    83   166   167   1.05863396e+00   9.38722104e-01   1.12773946e+00
    84   168   169   1.22221875e+00   1.18200635e+00   1.03402046e+00
    85   170   171   1.01591218e+00   1.00001104e+00   1.01590097e+00
    86   172   173   4.73414662e-01   4.56955412e-01   1.03601938e+00
    87   174   175   9.30799133e-01   8.83621079e-01   1.05339173e+00
    88   176   177   1.08959609e+00   1.04448159e+00   1.04319320e+00
    89   178   179   1.84146101e-01   1.81614887e-01   1.01393726e+00
    90   180   181   6.91827731e-01   6.76277078e-01   1.02299450e+00
    91   182   183   1.30454607e+00   1.25571001e+00   1.03889119e+00
    92   184   185   1.04923276e+00   1.00262857e+00   1.04648202e+00
    93   186   187   7.79493215e-02   7.79493215e-02   1.00000000e+00
    94   188   189   1.15430568e-01   1.14529078e-01   1.00787127e+00
    95   190   191   4.79800214e-01   4.74554785e-01   1.01105337e+00
    96   192   193   3.63261352e-01   3.59899242e-01   1.00934181e+00
    97   194   195   1.11465690e+00   1.03541318e+00   1.07653343e+00
    98   196   197   1.07906784e+00   1.00162423e+00   1.07731802e+00
    99   198   199   8.44462187e-01   8.12809106e-01   1.03894282e+00
