*Coordenadas 
200
     0 1  +8.97041463e-02  +1.00000000e+00
     1 1  -2.42861287e-17  +8.50705514e-01
     2 1  +3.57380253e-01  +0.00000000e+00
     3 1  +2.82687367e-01  +1.00000000e+00
     4 1  +7.44266017e-01  +0.00000000e+00
     5 1  +1.00000000e+00  +3.22278636e-03
     6 1  +0.00000000e+00  +8.77501263e-01
     7 1  +1.00000000e+00  +2.84594577e-01
     8 1  +3.39910595e-01  +1.00000000e+00
     9 1  +1.00000000e+00  +9.19933443e-02
    10 1  +0.00000000e+00  +7.42445425e-01
    11 1  +1.86735509e-01  -4.85722573e-17
    12 1  +1.00000000e+00  +3.39299252e-01
    13 1  +1.00000000e+00  +2.57123394e-01
    14 1  +0.00000000e+00  +3.56139023e-01
    15 1  +4.19423532e-01  +1.00000000e+00
    16 1  +0.00000000e+00  +6.20303059e-01
    17 1  +3.13993876e-02  +1.00000000e+00
    18 1  +1.00000000e+00  +8.77341280e-01
    19 1  +7.37307083e-01  +1.00000000e+00
    20 1  +3.90742911e-01  +0.00000000e+00
    21 1  -5.58580959e-16  +9.93721882e-02
    22 1  +1.00000000e+00  +7.89431198e-02
    23 1  +9.50451051e-01  -2.22044605e-16
    24 1  +7.15296158e-01  +1.00000000e+00
    25 1  -4.68375339e-17  +7.43732477e-01
    26 1  +0.00000000e+00  +5.16016174e-01
    27 1  +1.43709191e-01  +1.00000000e+00
    28 1  +2.26850249e-02  +1.00000000e+00
    29 1  +0.00000000e+00  +9.98773722e-01
    30 1  +1.00000000e+00  +8.19794238e-01
    31 1  +3.27870185e-01  +1.00000000e+00
    32 1  +2.72507126e-01  +0.00000000e+00
    33 1  +4.34027123e-01  -8.58688121e-17
    34 1  +2.07648930e-01  +0.00000000e+00
    35 1  +2.08166817e-16  +1.07965343e-01
    36 1  +2.99208595e-01  +0.00000000e+00
    37 1  +1.00000000e+00  +9.62714040e-02
    38 1  +1.00000000e+00  +8.26767653e-01
    39 1  +5.98316261e-01  +1.00000000e+00
    40 1  +9.89707566e-01  +1.00000000e+00
    41 1  +1.00000000e+00  +9.83462551e-01
    42 1  +0.00000000e+00  +8.24540596e-01
    43 1  +1.00000000e+00  +6.31538090e-01
    44 1  +9.70773921e-01  +1.00000000e+00
    45 1  +1.00000000e+00  +9.97206613e-01
    46 1  +9.92725403e-03  +0.00000000e+00
    47 1  +2.90623202e-01  -5.55111512e-17
    48 1  +4.52946821e-01  +1.00000000e+00
    49 1  +2.95220598e-01  +1.00000000e+00
    50 1  +2.26413475e-01  +1.00000000e+00
    51 1  +8.07756626e-01  -1.31838984e-16
    52 1  +1.00000000e+00  +4.01421949e-01
    53 1  +8.40890208e-01  -2.01227923e-16
    54 1  +7.48034504e-01  +0.00000000e+00
    55 1  +1.00000000e+00  +1.46137014e-01
    56 1  +0.00000000e+00  +7.09578097e-01
    57 1  +1.46417933e-01  -3.46944695e-17
    58 1  +0.00000000e+00  +2.23037046e-01
    59 1  +1.39775360e-01  -3.29597460e-17
    60 1  +0.00000000e+00  +9.30664171e-01
    61 1  -4.16333634e-17  +7.65993906e-01
    62 1  +4.95562974e-01  +1.00000000e+00
    63 1  +7.04680926e-01  -2.01227923e-16
    64 1  +2.47239585e-01  +0.00000000e+00
    65 1  -6.10622664e-16  +5.16155619e-02
    66 1  +3.12812505e-01  +0.00000000e+00
    67 1  +5.55111512e-17  +8.45173828e-01
    68 1  +5.27010658e-01  +1.00000000e+00
    69 1  +1.00000000e+00  +8.95301748e-01
    70 1  +1.00000000e+00  +6.58411006e-01
    71 1  +2.85424452e-01  -4.16333634e-17
    72 1  +3.30953903e-01  +0.00000000e+00
    73 1  +5.79661448e-02  +1.00000000e+00
    74 1  +5.63389211e-01  +1.00000000e+00
    75 1  +4.12814191e-01  -1.07552856e-16
    76 1  +0.00000000e+00  +5.44996738e-01
    77 1  +4.56886187e-01  +1.00000000e+00
    78 1  +1.00000000e+00  +1.99668840e-01
    79 1  +6.31886925e-01  +1.00000000e+00
    80 1  +7.52824141e-01  +0.00000000e+00
    81 1  -1.14491749e-16  +4.15208628e-01
    82 1  +6.46564252e-01  +0.00000000e+00
    83 1  +1.00000000e+00  +4.64888112e-01
    84 1  +1.00000000e+00  +2.65461312e-01
    85 1  +2.01227923e-16  +1.22240153e-01
    86 1  +0.00000000e+00  +6.02698014e-01
    87 1  +1.00000000e+00  +6.00852369e-01
    88 1  +5.82201735e-01  +1.00000000e+00
    89 1  +9.32178367e-01  -2.00794242e-16
    90 1  +1.66118519e-02  +1.00000000e+00
    91 1  -1.40512602e-16  +2.35491387e-01
    92 1  +6.23837885e-01  +0.00000000e+00
    93 1  +1.00000000e+00  +6.74799389e-01
    94 1  +1.00000000e+00  +3.47533751e-02
    95 1  +9.84932124e-01  -2.01227923e-16
    96 1  +0.00000000e+00  +8.00020820e-01
    97 1  +3.36401691e-01  +1.00000000e+00
    98 1  +1.00000000e+00  +8.43047240e-01
    99 1  +6.89030732e-01  +1.00000000e+00
   100 1  +3.23494404e-01  +0.00000000e+00
   101 1  +4.72961636e-01  -9.02056208e-17
   102 1  +1.29105607e-01  +1.00000000e+00
   103 1  +1.00000000e+00  +4.80757013e-01
   104 1  +3.42303422e-01  +1.00000000e+00
   105 1  +1.48876109e-01  +1.00000000e+00
   106 1  +7.62710163e-01  +1.00000000e+00
   107 1  +3.48498246e-01  -8.32667268e-17
   108 1  +0.00000000e+00  +1.82395062e-01
   109 1  +8.76971729e-02  -2.25514052e-17
   110 1  +6.74881472e-01  +0.00000000e+00
   111 1  +3.61033029e-02  +1.00000000e+00
   112 1  +0.00000000e+00  +8.83835325e-01
   113 1  +9.01565356e-02  +1.00000000e+00
   114 1  +0.00000000e+00  +3.28298619e-01
   115 1  +1.00000000e+00  +1.75774229e-01
   116 1  +7.76413432e-01  +1.00000000e+00
   117 1  +3.46284808e-01  -5.89805982e-17
   118 1  +0.00000000e+00  +9.05821593e-01
   119 1  +3.61644062e-01  -9.71445147e-17
   120 1  +7.96293159e-01  +0.00000000e+00
   121 1  +1.00000000e+00  +7.05345721e-01
   122 1  +3.04841916e-01  +0.00000000e+00
   123 1  +1.00000000e+00  +7.26949318e-01
   124 1  +2.52929212e-01  +1.00000000e+00
   125 1  +1.00000000e+00  +7.22747818e-01
   126 1  +3.67174301e-01  +0.00000000e+00
   127 1  +7.76593894e-01  +1.00000000e+00
   128 1  +0.00000000e+00  +1.38252581e-01
   129 1  +4.82036774e-01  +1.00000000e+00
   130 1  +1.00000000e+00  +6.96952828e-02
   131 1  +9.86122726e-01  -2.65412692e-16
   132 1  +6.70221592e-02  +1.00000000e+00
   133 1  +8.84735055e-01  -2.94902991e-16
   134 1  +0.00000000e+00  +1.51863596e-01
   135 1  +1.17678047e-01  -2.61699299e-17
   136 1  +7.74609861e-01  +0.00000000e+00
   137 1  +1.00000000e+00  +6.32604429e-02
   138 1  +1.00000000e+00  +4.69920622e-02
   139 1  +8.31225998e-01  -2.22044605e-16
   140 1  +2.60594966e-01  +0.00000000e+00
   141 1  +6.06777645e-01  +1.00000000e+00
   142 1  +1.00000000e+00  +4.11584843e-01
   143 1  +9.03481544e-01  -2.22044605e-16
   144 1  +5.89296905e-01  +1.00000000e+00
   145 1  +7.29264141e-01  -1.76941795e-16
   146 1  +1.00000000e+00  +9.64627423e-01
   147 1  +7.73635974e-01  -2.15105711e-16
   148 1  +0.00000000e+00  +6.15933780e-01
   149 1  +9.60586915e-01  -2.77555756e-16
   150 1  +0.00000000e+00  +2.04970470e-01
   151 1  +7.10050313e-03  -3.46944695e-18
   152 1  +8.88163852e-01  +1.00000000e+00
   153 1  -6.93889390e-17  +5.30387025e-01
   154 1  +1.00000000e+00  +4.63163950e-01
   155 1  -7.97972799e-17  +5.55029627e-01
   156 1  +0.00000000e+00  +1.89500813e-01
   157 1  +4.83721924e-01  -8.67361738e-17
   158 1  +6.30285587e-02  +1.00000000e+00
   159 1  +5.28546041e-01  -1.22948526e-16
   160 1  +1.00000000e+00  +1.13112754e-01
   161 1  +9.74597406e-01  -2.42861287e-16
   162 1  +7.55598365e-01  +1.00000000e+00
   163 1  -3.46944695e-17  +7.96755621e-01
   164 1  +0.00000000e+00  +1.37993097e-01
   165 1  +4.44454546e-01  -1.04083409e-16
   166 1  +1.02926464e-01  +1.00000000e+00
   167 1  +1.00000000e+00  +7.03270034e-01
   168 1  +6.24482022e-01  +1.00000000e+00
   169 1  +4.35290929e-01  +1.00000000e+00
   170 1  +0.00000000e+00  +3.55957315e-01
   171 1  +2.22241816e-01  +1.00000000e+00
   172 1  +9.66705723e-01  +1.00000000e+00
   173 1  +3.73093970e-01  -1.11022302e-16
   174 1  +0.00000000e+00  +1.36626868e-01
   175 1  +2.07475992e-01  +1.00000000e+00
   176 1  +6.29781155e-01  +0.00000000e+00
   177 1  +1.00000000e+00  +3.01484108e-01
   178 1  +5.53302558e-01  +1.00000000e+00
   179 1  +2.51299260e-01  -8.32667268e-17
   180 1  +6.30388857e-01  +1.00000000e+00
   181 1  +1.00000000e+00  +8.11991756e-01
   182 1  +7.33577113e-01  +1.00000000e+00
   183 1  +3.14789389e-01  -5.55111512e-17
   184 1  +0.00000000e+00  +5.34934222e-02
   185 1  +6.37056457e-01  -1.35308431e-16
   186 1  +1.00000000e+00  +2.94116971e-01
   187 1  +1.00000000e+00  +4.44887964e-01
   188 1  +3.60824692e-01  +1.00000000e+00
   189 1  -8.32667268e-17  +5.14769192e-01
   190 1  +4.35171989e-01  +0.00000000e+00
   191 1  +1.00000000e+00  +1.23762972e-02
   192 1  +8.28245025e-01  +1.00000000e+00
   193 1  +1.00000000e+00  +8.92635112e-01
   194 1  +0.00000000e+00  +2.80286133e-01
   195 1  +1.00000000e+00  +6.40136168e-02
   196 1  +4.72690776e-01  +1.00000000e+00
   197 1  +1.00000000e+00  +4.14149641e-01
   198 1  +0.00000000e+00  +3.41182428e-01
   199 1  +7.10486750e-01  +1.00000000e+00
*Segmentos 
100
     0     0     1   1.79002638e-01   1.74171402e-01   1.02773840e+00
     1     2     3   1.21923405e+00   1.00278563e+00   1.21584714e+00
     2     4     5   2.76157338e-01   2.55754289e-01   1.07977598e+00
     3     6     7   1.22287235e+00   1.16255681e+00   1.05188180e+00
     4     8     9   1.21901003e+00   1.12258368e+00   1.08589680e+00
     5    10    11   8.36108972e-01   7.65568651e-01   1.09214108e+00
     6    12    13   8.36273193e-02   8.21758580e-02   1.01766287e+00
     7    14    15   7.93163826e-01   7.68422447e-01   1.03219763e+00
     8    16    17   3.85009233e-01   3.80993029e-01   1.01054141e+00
     9    18    19   2.93090242e-01   2.89918489e-01   1.01094015e+00
    10    20    21   4.09983912e-01   4.03180920e-01   1.01687330e+00
    11    22    23   9.35440868e-02   9.32046913e-02   1.00364140e+00
    12    24    25   7.88813000e-01   7.59816844e-01   1.03816203e+00
    13    26    27   5.16898353e-01   5.04868968e-01   1.02382675e+00
    14    28    29   2.27181450e-02   2.27181450e-02   1.00000000e+00
    15    30    31   9.01320487e-01   6.95868238e-01   1.29524591e+00
    16    32    33   1.62172962e-01   1.61519998e-01   1.00404262e+00
    17    34    35   2.36275250e-01   2.34039726e-01   1.00955190e+00
    18    36    37   9.41666073e-01   7.07373153e-01   1.33121546e+00
    19    38    39   4.50840446e-01   4.37446308e-01   1.03061893e+00
    20    40    41   1.94787421e-02   1.94787421e-02   1.00000000e+00
    21    42    43   1.05765152e+00   1.01845470e+00   1.03848657e+00
    22    44    45   2.93592697e-02   2.93592697e-02   1.00000000e+00
    23    46    47   3.15208676e-01   2.80695948e-01   1.12295414e+00
    24    48    49   1.63149968e-01   1.57726223e-01   1.03438709e+00
    25    50    51   1.21420287e+00   1.15670215e+00   1.04971091e+00
    26    52    53   4.43441402e-01   4.31804941e-01   1.02694842e+00
    27    54    55   3.05168912e-01   2.91277596e-01   1.04769099e+00
    28    56    57   7.46098979e-01   7.24526940e-01   1.02977396e+00
    29    58    59   2.86613547e-01   2.63216024e-01   1.08889095e+00
    30    60    61   1.65895266e-01   1.64670264e-01   1.00743912e+00
    31    62    63   1.28809056e+00   1.02163120e+00   1.26081756e+00
    32    64    65   2.56757006e-01   2.52569948e-01   1.01657782e+00
    33    66    67   1.04658977e+00   9.01205006e-01   1.16132264e+00
    34    68    69   5.02063871e-01   4.84438481e-01   1.03638313e+00
    35    70    71   9.96271679e-01   9.71660057e-01   1.02532946e+00
    36    72    73   1.15739138e+00   1.03659168e+00   1.11653547e+00
    37    74    75   1.05804746e+00   1.01127288e+00   1.04625317e+00
    38    76    77   6.78415276e-01   6.44804588e-01   1.05212539e+00
    39    78    79   9.13737273e-01   8.80929738e-01   1.03724194e+00
    40    80    81   1.12217192e+00   8.59733907e-01   1.30525493e+00
    41    82    83   6.10592018e-01   5.83984405e-01   1.04556220e+00
    42    84    85   1.04473345e+00   1.01020409e+00   1.03418058e+00
    43    86    87   1.07393420e+00   1.00000170e+00   1.07393237e+00
    44    88    89   1.09891834e+00   1.05947329e+00   1.03723082e+00
    45    90    91   8.11661220e-01   7.64689070e-01   1.06142647e+00
    46    92    93   8.41210932e-01   7.72562070e-01   1.08885870e+00
    47    94    95   3.78792551e-02   3.78792551e-02   1.00000000e+00
    48    96    97   4.15130215e-01   3.91353766e-01   1.06075436e+00
    49    98    99   3.49437436e-01   3.48333252e-01   1.00316991e+00
    50   100   101   1.51796965e-01   1.49467233e-01   1.01558691e+00
    51   102   103   1.31818860e+00   1.01393803e+00   1.30006821e+00
    52   104   105   2.00652119e-01   1.93427313e-01   1.03735153e+00
    53   106   107   1.12001751e+00   1.08239157e+00   1.03476185e+00
    54   108   109   2.06831894e-01   2.02382689e-01   1.02198412e+00
    55   110   111   1.62851131e+00   1.18660758e+00   1.37240932e+00
    56   112   113   1.53037588e-01   1.47045682e-01   1.04074860e+00
    57   114   115   1.04644357e+00   1.01156497e+00   1.03447985e+00
    58   116   117   1.13058304e+00   1.08858194e+00   1.03858332e+00
    59   118   119   1.00140105e+00   9.75345676e-01   1.02671399e+00
    60   120   121   8.01430265e-01   7.34172366e-01   1.09161050e+00
    61   122   123   1.16547189e+00   1.00583302e+00   1.15871309e+00
    62   124   125   8.13889243e-01   7.96858541e-01   1.02137230e+00
    63   126   127   1.11790016e+00   1.08056670e+00   1.03454988e+00
    64   128   129   1.00441382e+00   9.87404712e-01   1.01722608e+00
    65   130   131   7.15890954e-02   7.10634306e-02   1.00739712e+00
    66   132   133   1.38401422e+00   1.29176406e+00   1.07141410e+00
    67   134   135   1.93446045e-01   1.92121510e-01   1.00689425e+00
    68   136   137   2.36655833e-01   2.34099548e-01   1.01091965e+00
    69   138   139   1.80739190e-01   1.75193943e-01   1.03165205e+00
    70   140   141   1.09678265e+00   1.05822608e+00   1.03643509e+00
    71   142   143   4.85197233e-01   4.22750394e-01   1.14771563e+00
    72   144   145   1.05669395e+00   1.00974790e+00   1.04649284e+00
    73   146   147   1.12958063e+00   9.90831336e-01   1.14003321e+00
    74   148   149   1.27615830e+00   1.14109668e+00   1.11836124e+00
    75   150   151   2.10904716e-01   2.05093420e-01   1.02833487e+00
    76   152   153   1.09714273e+00   1.00467476e+00   1.09203771e+00
    77   154   155   1.05446380e+00   1.00421079e+00   1.05004230e+00
    78   156   157   5.48746339e-01   5.19516562e-01   1.05626342e+00
    79   158   159   1.16224451e+00   1.10304421e+00   1.05366992e+00
    80   160   161   1.18281628e-01   1.15930095e-01   1.02028406e+00
    81   162   163   7.95888279e-01   7.82455856e-01   1.01716700e+00
    82   164   165   4.80802083e-01   4.65383646e-01   1.03313059e+00
    83   166   167   1.03367280e+00   9.44875442e-01   1.09397784e+00
    84   168   169   1.95284533e-01   1.89191093e-01   1.03220786e+00
    85   170   171   7.33334899e-01   6.81309331e-01   1.07636116e+00
    86   172   173   1.21820416e+00   1.16291655e+00   1.04754219e+00
    87   174   175   9.26126679e-01   8.87952393e-01   1.04299137e+00
    88   176   177   5.26056985e-01   4.77445977e-01   1.10181468e+00
    89   178   179   1.09551029e+00   1.04460806e+00   1.04872855e+00
    90   180   181   4.21448182e-01   4.14679993e-01   1.01632147e+00
    91   182   183   1.12178414e+00   1.08415089e+00   1.03471219e+00
    92   184   185   6.73989203e-01   6.39298425e-01   1.05426383e+00
    93   186   187   1.57224829e-01   1.50770992e-01   1.04280556e+00
    94   188   189   6.74887698e-01   6.04684542e-01   1.11609881e+00
    95   190   191   5.75251435e-01   5.64963587e-01   1.01820975e+00
    96   192   193   2.06780993e-01   2.02551204e-01   1.02088256e+00
    97   194   195   1.04324121e+00   1.02311964e+00   1.01966687e+00
    98   196   197   9.43452513e-01   7.88210416e-01   1.19695514e+00
    99   198   199   1.22622294e+00   9.68933442e-01   1.26553888e+00
